numstep=20;
dt=1e-3;
interpolation=2;
nq=6;

E=1e6;
nu=0;
density=1;

sd=3;
nnd=68;
EType=2;
nel=22;

nodes=
	       0.0000      1.0000      0.0000      
               0.0000      0.0000      0.0000      
               0.0000     0.50000      0.0000      
               5.0000      1.0000      0.0000      
               4.5000      1.0000      0.0000      
               4.0000      1.0000      0.0000      
               3.5000      1.0000      0.0000      
               3.0000      1.0000      0.0000      
               2.5000      1.0000      0.0000      
               2.0000      1.0000      0.0000      
               1.5000      1.0000      0.0000      
               1.0000      1.0000      0.0000      
              0.50000      1.0000      0.0000      
               5.0000      0.0000      0.0000      
               5.0000     0.50000      0.0000      
              0.50000      0.0000      0.0000      
               1.0000      0.0000      0.0000      
               1.5000      0.0000      0.0000      
               2.0000      0.0000      0.0000      
               2.5000      0.0000      0.0000      
               3.0000      0.0000      0.0000      
               3.5000      0.0000      0.0000      
               4.0000      0.0000      0.0000      
               4.5000      0.0000      0.0000      
               1.0000     0.50000      0.0000      
               2.0000     0.50000      0.0000      
               3.0000     0.50000      0.0000      
               4.0000     0.50000      0.0000      
               0.0000      0.0000      1.0000      
               5.0000      0.0000      1.0000      
              0.50000      0.0000      1.0000      
               1.0000      0.0000      1.0000      
               1.5000      0.0000      1.0000      
               2.0000      0.0000      1.0000      
               2.5000      0.0000      1.0000      
               3.0000      0.0000      1.0000      
               3.5000      0.0000      1.0000      
               4.0000      0.0000      1.0000      
               4.5000      0.0000      1.0000      
               5.0000      1.0000      1.0000      
               5.0000     0.50000      1.0000      
               0.0000      1.0000      1.0000      
               4.5000      1.0000      1.0000      
               4.0000      1.0000      1.0000      
               3.5000      1.0000      1.0000      
               3.0000      1.0000      1.0000      
               2.5000      1.0000      1.0000      
               2.0000      1.0000      1.0000      
               1.5000      1.0000      1.0000      
               1.0000      1.0000      1.0000      
              0.50000      1.0000      1.0000      
               0.0000     0.50000      1.0000      
               1.0000     0.50000      1.0000      
               2.0000     0.50000      1.0000      
               3.0000     0.50000      1.0000      
               4.0000     0.50000      1.0000      
               0.0000      0.0000     0.50000      
               5.0000      0.0000     0.50000      
               1.0000      0.0000     0.50000      
               2.0000      0.0000     0.50000      
               3.0000      0.0000     0.50000      
               4.0000      0.0000     0.50000      
               5.0000      1.0000     0.50000      
               0.0000      1.0000     0.50000      
               1.0000      1.0000     0.50000      
               2.0000      1.0000     0.50000      
               3.0000      1.0000     0.50000      
               4.0000      1.0000     0.50000

IEN=
  		2     1    12    17     3    13    25    16
               17    12    10    19    25    11    26    18
               19    10     8    21    26     9    27    20
               21     8     6    23    27     7    28    22
               23     6     4    14    28     5    15    24
               29    32    50    42    31    53    51    52
               32    34    48    50    33    54    49    53
               34    36    46    48    35    55    47    54
               36    38    44    46    37    56    45    55
               38    30    40    44    39    41    43    56
               29     2    17    32    57    16    59    31
               32    17    19    34    59    18    60    33
               34    19    21    36    60    20    61    35
               36    21    23    38    61    22    62    37
               38    23    14    30    62    24    58    39
               42    50    12     1    51    65    13    64
               50    48    10    12    49    66    11    65
               48    46     8    10    47    67     9    66
               46    44     6     8    45    68     7    67
               44    40     4     6    43    63     5    68 
               29    42     1     2    52    64     3    57
               30    14     4    40    58    15    63    41


UBC_num=24;
UBC_dof=
	1,2,3,4,5,6,7,8,9,85,86,87,124,125,126,154,155,156,169,170,171,190,191,192
UBC_values=
	0,0,0,0,0,0,0,0,0,0,0,0,0,0,0,0,0,0,0,0,0,0,0,0
FBC_num=8;
FBC_dof=
	10,40,43,88,118,121,172,187
FBC_values=
	1,1,1,1,1,1,1,1

