numstep=40;
dt=2e-4;
interpolation=1;
nq=6;

E=1e6;
nu=0;
density=1;

sd=3;
nnd=1652;
EType=2;
nel=550;

nodes=
   0.0000      1.0000      0.0000        
   0.0000      0.0000      0.0000        
   0.0000     0.90000      0.0000        
   0.0000     0.80000      0.0000        
   0.0000     0.70000      0.0000        
   0.0000     0.60000      0.0000        
   0.0000     0.50000      0.0000        
   0.0000     0.40000      0.0000        
   0.0000     0.30000      0.0000        
   0.0000     0.20000      0.0000        
   0.0000     0.10000      0.0000        
   1.0000      1.0000      0.0000        
  0.90000      1.0000      0.0000        
  0.80000      1.0000      0.0000        
  0.70000      1.0000      0.0000        
  0.60000      1.0000      0.0000        
  0.50000      1.0000      0.0000        
  0.40000      1.0000      0.0000        
  0.30000      1.0000      0.0000        
  0.20000      1.0000      0.0000        
  0.10000      1.0000      0.0000        
   1.0000      0.0000      0.0000        
   1.0000     0.10000      0.0000        
   1.0000     0.20000      0.0000        
   1.0000     0.30000      0.0000        
   1.0000     0.40000      0.0000        
   1.0000     0.50000      0.0000        
   1.0000     0.60000      0.0000        
   1.0000     0.70000      0.0000        
   1.0000     0.80000      0.0000        
   1.0000     0.90000      0.0000        
  0.10000      0.0000      0.0000        
  0.20000      0.0000      0.0000        
  0.30000      0.0000      0.0000        
  0.40000      0.0000      0.0000        
  0.50000      0.0000      0.0000        
  0.60000      0.0000      0.0000        
  0.70000      0.0000      0.0000        
  0.80000      0.0000      0.0000        
  0.90000      0.0000      0.0000        
  0.20000     0.10000      0.0000        
  0.40000     0.10000      0.0000        
  0.60000     0.10000      0.0000        
  0.80000     0.10000      0.0000        
  0.10000     0.20000      0.0000        
  0.20000     0.20000      0.0000        
  0.30000     0.20000      0.0000        
  0.40000     0.20000      0.0000        
  0.50000     0.20000      0.0000        
  0.60000     0.20000      0.0000        
  0.70000     0.20000      0.0000        
  0.80000     0.20000      0.0000        
  0.90000     0.20000      0.0000        
  0.20000     0.30000      0.0000        
  0.40000     0.30000      0.0000        
  0.60000     0.30000      0.0000        
  0.80000     0.30000      0.0000        
  0.10000     0.40000      0.0000        
  0.20000     0.40000      0.0000        
  0.30000     0.40000      0.0000        
  0.40000     0.40000      0.0000        
  0.50000     0.40000      0.0000        
  0.60000     0.40000      0.0000        
  0.70000     0.40000      0.0000        
  0.80000     0.40000      0.0000        
  0.90000     0.40000      0.0000        
  0.20000     0.50000      0.0000        
  0.40000     0.50000      0.0000        
  0.60000     0.50000      0.0000        
  0.80000     0.50000      0.0000        
  0.10000     0.60000      0.0000        
  0.20000     0.60000      0.0000        
  0.30000     0.60000      0.0000        
  0.40000     0.60000      0.0000        
  0.50000     0.60000      0.0000        
  0.60000     0.60000      0.0000        
  0.70000     0.60000      0.0000        
  0.80000     0.60000      0.0000        
  0.90000     0.60000      0.0000        
  0.20000     0.70000      0.0000        
  0.40000     0.70000      0.0000        
  0.60000     0.70000      0.0000        
  0.80000     0.70000      0.0000        
  0.10000     0.80000      0.0000        
  0.20000     0.80000      0.0000        
  0.30000     0.80000      0.0000        
  0.40000     0.80000      0.0000        
  0.50000     0.80000      0.0000        
  0.60000     0.80000      0.0000        
  0.70000     0.80000      0.0000        
  0.80000     0.80000      0.0000        
  0.90000     0.80000      0.0000        
  0.20000     0.90000      0.0000        
  0.40000     0.90000      0.0000        
  0.60000     0.90000      0.0000        
  0.80000     0.90000      0.0000        
   0.0000      0.0000      5.0000        
   1.0000      0.0000      5.0000        
  0.10000      0.0000      5.0000        
  0.20000      0.0000      5.0000        
  0.30000      0.0000      5.0000        
  0.40000      0.0000      5.0000        
  0.50000      0.0000      5.0000        
  0.60000      0.0000      5.0000        
  0.70000      0.0000      5.0000        
  0.80000      0.0000      5.0000        
  0.90000      0.0000      5.0000        
   1.0000      1.0000      5.0000        
   1.0000     0.10000      5.0000        
   1.0000     0.20000      5.0000        
   1.0000     0.30000      5.0000        
   1.0000     0.40000      5.0000        
   1.0000     0.50000      5.0000        
   1.0000     0.60000      5.0000        
   1.0000     0.70000      5.0000        
   1.0000     0.80000      5.0000        
   1.0000     0.90000      5.0000        
   0.0000      1.0000      5.0000        
  0.90000      1.0000      5.0000        
  0.80000      1.0000      5.0000        
  0.70000      1.0000      5.0000        
  0.60000      1.0000      5.0000        
  0.50000      1.0000      5.0000        
  0.40000      1.0000      5.0000        
  0.30000      1.0000      5.0000        
  0.20000      1.0000      5.0000        
  0.10000      1.0000      5.0000        
   0.0000     0.90000      5.0000        
   0.0000     0.80000      5.0000        
   0.0000     0.70000      5.0000        
   0.0000     0.60000      5.0000        
   0.0000     0.50000      5.0000        
   0.0000     0.40000      5.0000        
   0.0000     0.30000      5.0000        
   0.0000     0.20000      5.0000        
   0.0000     0.10000      5.0000        
  0.10000     0.20000      5.0000        
  0.10000     0.40000      5.0000        
  0.10000     0.60000      5.0000        
  0.10000     0.80000      5.0000        
  0.20000     0.10000      5.0000        
  0.20000     0.20000      5.0000        
  0.20000     0.30000      5.0000        
  0.20000     0.40000      5.0000        
  0.20000     0.50000      5.0000        
  0.20000     0.60000      5.0000        
  0.20000     0.70000      5.0000        
  0.20000     0.80000      5.0000        
  0.20000     0.90000      5.0000        
  0.30000     0.20000      5.0000        
  0.30000     0.40000      5.0000        
  0.30000     0.60000      5.0000        
  0.30000     0.80000      5.0000        
  0.40000     0.10000      5.0000        
  0.40000     0.20000      5.0000        
  0.40000     0.30000      5.0000        
  0.40000     0.40000      5.0000        
  0.40000     0.50000      5.0000        
  0.40000     0.60000      5.0000        
  0.40000     0.70000      5.0000        
  0.40000     0.80000      5.0000        
  0.40000     0.90000      5.0000        
  0.50000     0.20000      5.0000        
  0.50000     0.40000      5.0000        
  0.50000     0.60000      5.0000        
  0.50000     0.80000      5.0000        
  0.60000     0.10000      5.0000        
  0.60000     0.20000      5.0000        
  0.60000     0.30000      5.0000        
  0.60000     0.40000      5.0000        
  0.60000     0.50000      5.0000        
  0.60000     0.60000      5.0000        
  0.60000     0.70000      5.0000        
  0.60000     0.80000      5.0000        
  0.60000     0.90000      5.0000        
  0.70000     0.20000      5.0000        
  0.70000     0.40000      5.0000        
  0.70000     0.60000      5.0000        
  0.70000     0.80000      5.0000        
  0.80000     0.10000      5.0000        
  0.80000     0.20000      5.0000        
  0.80000     0.30000      5.0000        
  0.80000     0.40000      5.0000        
  0.80000     0.50000      5.0000        
  0.80000     0.60000      5.0000        
  0.80000     0.70000      5.0000        
  0.80000     0.80000      5.0000        
  0.80000     0.90000      5.0000        
  0.90000     0.20000      5.0000        
  0.90000     0.40000      5.0000        
  0.90000     0.60000      5.0000        
  0.90000     0.80000      5.0000        
   0.0000      0.0000      4.9000        
   0.0000      0.0000      4.8000        
   0.0000      0.0000      4.7000        
   0.0000      0.0000      4.6000        
   0.0000      0.0000      4.5000        
   0.0000      0.0000      4.4000        
   0.0000      0.0000      4.3000        
   0.0000      0.0000      4.2000        
   0.0000      0.0000      4.1000        
   0.0000      0.0000      4.0000        
   0.0000      0.0000      3.9000        
   0.0000      0.0000      3.8000        
   0.0000      0.0000      3.7000        
   0.0000      0.0000      3.6000        
   0.0000      0.0000      3.5000        
   0.0000      0.0000      3.4000        
   0.0000      0.0000      3.3000        
   0.0000      0.0000      3.2000        
   0.0000      0.0000      3.1000        
   0.0000      0.0000      3.0000        
   0.0000      0.0000      2.9000        
   0.0000      0.0000      2.8000        
   0.0000      0.0000      2.7000        
   0.0000      0.0000      2.6000        
   0.0000      0.0000      2.5000        
   0.0000      0.0000      2.4000        
   0.0000      0.0000      2.3000        
   0.0000      0.0000      2.2000        
   0.0000      0.0000      2.1000        
   0.0000      0.0000      2.0000        
   0.0000      0.0000      1.9000        
   0.0000      0.0000      1.8000        
   0.0000      0.0000      1.7000        
   0.0000      0.0000      1.6000        
   0.0000      0.0000      1.5000        
   0.0000      0.0000      1.4000        
   0.0000      0.0000      1.3000        
   0.0000      0.0000      1.2000        
   0.0000      0.0000      1.1000        
   0.0000      0.0000      1.0000        
   0.0000      0.0000     0.90000        
   0.0000      0.0000     0.80000        
   0.0000      0.0000     0.70000        
   0.0000      0.0000     0.60000        
   0.0000      0.0000     0.50000        
   0.0000      0.0000     0.40000        
   0.0000      0.0000     0.30000        
   0.0000      0.0000     0.20000        
   0.0000      0.0000     0.10000        
   1.0000      0.0000     0.10000        
   1.0000      0.0000     0.20000        
   1.0000      0.0000     0.30000        
   1.0000      0.0000     0.40000        
   1.0000      0.0000     0.50000        
   1.0000      0.0000     0.60000        
   1.0000      0.0000     0.70000        
   1.0000      0.0000     0.80000        
   1.0000      0.0000     0.90000        
   1.0000      0.0000      1.0000        
   1.0000      0.0000      1.1000        
   1.0000      0.0000      1.2000        
   1.0000      0.0000      1.3000        
   1.0000      0.0000      1.4000        
   1.0000      0.0000      1.5000        
   1.0000      0.0000      1.6000        
   1.0000      0.0000      1.7000        
   1.0000      0.0000      1.8000        
   1.0000      0.0000      1.9000        
   1.0000      0.0000      2.0000        
   1.0000      0.0000      2.1000        
   1.0000      0.0000      2.2000        
   1.0000      0.0000      2.3000        
   1.0000      0.0000      2.4000        
   1.0000      0.0000      2.5000        
   1.0000      0.0000      2.6000        
   1.0000      0.0000      2.7000        
   1.0000      0.0000      2.8000        
   1.0000      0.0000      2.9000        
   1.0000      0.0000      3.0000        
   1.0000      0.0000      3.1000        
   1.0000      0.0000      3.2000        
   1.0000      0.0000      3.3000        
   1.0000      0.0000      3.4000        
   1.0000      0.0000      3.5000        
   1.0000      0.0000      3.6000        
   1.0000      0.0000      3.7000        
   1.0000      0.0000      3.8000        
   1.0000      0.0000      3.9000        
   1.0000      0.0000      4.0000        
   1.0000      0.0000      4.1000        
   1.0000      0.0000      4.2000        
   1.0000      0.0000      4.3000        
   1.0000      0.0000      4.4000        
   1.0000      0.0000      4.5000        
   1.0000      0.0000      4.6000        
   1.0000      0.0000      4.7000        
   1.0000      0.0000      4.8000        
   1.0000      0.0000      4.9000        
  0.20000      0.0000      4.9000        
  0.40000      0.0000      4.9000        
  0.60000      0.0000      4.9000        
  0.80000      0.0000      4.9000        
  0.10000      0.0000      4.8000        
  0.20000      0.0000      4.8000        
  0.30000      0.0000      4.8000        
  0.40000      0.0000      4.8000        
  0.50000      0.0000      4.8000        
  0.60000      0.0000      4.8000        
  0.70000      0.0000      4.8000        
  0.80000      0.0000      4.8000        
  0.90000      0.0000      4.8000        
  0.20000      0.0000      4.7000        
  0.40000      0.0000      4.7000        
  0.60000      0.0000      4.7000        
  0.80000      0.0000      4.7000        
  0.10000      0.0000      4.6000        
  0.20000      0.0000      4.6000        
  0.30000      0.0000      4.6000        
  0.40000      0.0000      4.6000        
  0.50000      0.0000      4.6000        
  0.60000      0.0000      4.6000        
  0.70000      0.0000      4.6000        
  0.80000      0.0000      4.6000        
  0.90000      0.0000      4.6000        
  0.20000      0.0000      4.5000        
  0.40000      0.0000      4.5000        
  0.60000      0.0000      4.5000        
  0.80000      0.0000      4.5000        
  0.10000      0.0000      4.4000        
  0.20000      0.0000      4.4000        
  0.30000      0.0000      4.4000        
  0.40000      0.0000      4.4000        
  0.50000      0.0000      4.4000        
  0.60000      0.0000      4.4000        
  0.70000      0.0000      4.4000        
  0.80000      0.0000      4.4000        
  0.90000      0.0000      4.4000        
  0.20000      0.0000      4.3000        
  0.40000      0.0000      4.3000        
  0.60000      0.0000      4.3000        
  0.80000      0.0000      4.3000        
  0.10000      0.0000      4.2000        
  0.20000      0.0000      4.2000        
  0.30000      0.0000      4.2000        
  0.40000      0.0000      4.2000        
  0.50000      0.0000      4.2000        
  0.60000      0.0000      4.2000        
  0.70000      0.0000      4.2000        
  0.80000      0.0000      4.2000        
  0.90000      0.0000      4.2000        
  0.20000      0.0000      4.1000        
  0.40000      0.0000      4.1000        
  0.60000      0.0000      4.1000        
  0.80000      0.0000      4.1000        
  0.10000      0.0000      4.0000        
  0.20000      0.0000      4.0000        
  0.30000      0.0000      4.0000        
  0.40000      0.0000      4.0000        
  0.50000      0.0000      4.0000        
  0.60000      0.0000      4.0000        
  0.70000      0.0000      4.0000        
  0.80000      0.0000      4.0000        
  0.90000      0.0000      4.0000        
  0.20000      0.0000      3.9000        
  0.40000      0.0000      3.9000        
  0.60000      0.0000      3.9000        
  0.80000      0.0000      3.9000        
  0.10000      0.0000      3.8000        
  0.20000      0.0000      3.8000        
  0.30000      0.0000      3.8000        
  0.40000      0.0000      3.8000        
  0.50000      0.0000      3.8000        
  0.60000      0.0000      3.8000        
  0.70000      0.0000      3.8000        
  0.80000      0.0000      3.8000        
  0.90000      0.0000      3.8000        
  0.20000      0.0000      3.7000        
  0.40000      0.0000      3.7000        
  0.60000      0.0000      3.7000        
  0.80000      0.0000      3.7000        
  0.10000      0.0000      3.6000        
  0.20000      0.0000      3.6000        
  0.30000      0.0000      3.6000        
  0.40000      0.0000      3.6000        
  0.50000      0.0000      3.6000        
  0.60000      0.0000      3.6000        
  0.70000      0.0000      3.6000        
  0.80000      0.0000      3.6000        
  0.90000      0.0000      3.6000        
  0.20000      0.0000      3.5000        
  0.40000      0.0000      3.5000        
  0.60000      0.0000      3.5000        
  0.80000      0.0000      3.5000        
  0.10000      0.0000      3.4000        
  0.20000      0.0000      3.4000        
  0.30000      0.0000      3.4000        
  0.40000      0.0000      3.4000        
  0.50000      0.0000      3.4000        
  0.60000      0.0000      3.4000        
  0.70000      0.0000      3.4000        
  0.80000      0.0000      3.4000        
  0.90000      0.0000      3.4000        
  0.20000      0.0000      3.3000        
  0.40000      0.0000      3.3000        
  0.60000      0.0000      3.3000        
  0.80000      0.0000      3.3000        
  0.10000      0.0000      3.2000        
  0.20000      0.0000      3.2000        
  0.30000      0.0000      3.2000        
  0.40000      0.0000      3.2000        
  0.50000      0.0000      3.2000        
  0.60000      0.0000      3.2000        
  0.70000      0.0000      3.2000        
  0.80000      0.0000      3.2000        
  0.90000      0.0000      3.2000        
  0.20000      0.0000      3.1000        
  0.40000      0.0000      3.1000        
  0.60000      0.0000      3.1000        
  0.80000      0.0000      3.1000        
  0.10000      0.0000      3.0000        
  0.20000      0.0000      3.0000        
  0.30000      0.0000      3.0000        
  0.40000      0.0000      3.0000        
  0.50000      0.0000      3.0000        
  0.60000      0.0000      3.0000        
  0.70000      0.0000      3.0000        
  0.80000      0.0000      3.0000        
  0.90000      0.0000      3.0000        
  0.20000      0.0000      2.9000        
  0.40000      0.0000      2.9000        
  0.60000      0.0000      2.9000        
  0.80000      0.0000      2.9000        
  0.10000      0.0000      2.8000        
  0.20000      0.0000      2.8000        
  0.30000      0.0000      2.8000        
  0.40000      0.0000      2.8000        
  0.50000      0.0000      2.8000        
  0.60000      0.0000      2.8000        
  0.70000      0.0000      2.8000        
  0.80000      0.0000      2.8000        
  0.90000      0.0000      2.8000        
  0.20000      0.0000      2.7000        
  0.40000      0.0000      2.7000        
  0.60000      0.0000      2.7000        
  0.80000      0.0000      2.7000        
  0.10000      0.0000      2.6000        
  0.20000      0.0000      2.6000        
  0.30000      0.0000      2.6000        
  0.40000      0.0000      2.6000        
  0.50000      0.0000      2.6000        
  0.60000      0.0000      2.6000        
  0.70000      0.0000      2.6000        
  0.80000      0.0000      2.6000        
  0.90000      0.0000      2.6000        
  0.20000      0.0000      2.5000        
  0.40000      0.0000      2.5000        
  0.60000      0.0000      2.5000        
  0.80000      0.0000      2.5000        
  0.10000      0.0000      2.4000        
  0.20000      0.0000      2.4000        
  0.30000      0.0000      2.4000        
  0.40000      0.0000      2.4000        
  0.50000      0.0000      2.4000        
  0.60000      0.0000      2.4000        
  0.70000      0.0000      2.4000        
  0.80000      0.0000      2.4000        
  0.90000      0.0000      2.4000        
  0.20000      0.0000      2.3000        
  0.40000      0.0000      2.3000        
  0.60000      0.0000      2.3000        
  0.80000      0.0000      2.3000        
  0.10000      0.0000      2.2000        
  0.20000      0.0000      2.2000        
  0.30000      0.0000      2.2000        
  0.40000      0.0000      2.2000        
  0.50000      0.0000      2.2000        
  0.60000      0.0000      2.2000        
  0.70000      0.0000      2.2000        
  0.80000      0.0000      2.2000        
  0.90000      0.0000      2.2000        
  0.20000      0.0000      2.1000        
  0.40000      0.0000      2.1000        
  0.60000      0.0000      2.1000        
  0.80000      0.0000      2.1000        
  0.10000      0.0000      2.0000        
  0.20000      0.0000      2.0000        
  0.30000      0.0000      2.0000        
  0.40000      0.0000      2.0000        
  0.50000      0.0000      2.0000        
  0.60000      0.0000      2.0000        
  0.70000      0.0000      2.0000        
  0.80000      0.0000      2.0000        
  0.90000      0.0000      2.0000        
  0.20000      0.0000      1.9000        
  0.40000      0.0000      1.9000        
  0.60000      0.0000      1.9000        
  0.80000      0.0000      1.9000        
  0.10000      0.0000      1.8000        
  0.20000      0.0000      1.8000        
  0.30000      0.0000      1.8000        
  0.40000      0.0000      1.8000        
  0.50000      0.0000      1.8000        
  0.60000      0.0000      1.8000        
  0.70000      0.0000      1.8000        
  0.80000      0.0000      1.8000        
  0.90000      0.0000      1.8000        
  0.20000      0.0000      1.7000        
  0.40000      0.0000      1.7000        
  0.60000      0.0000      1.7000        
  0.80000      0.0000      1.7000        
  0.10000      0.0000      1.6000        
  0.20000      0.0000      1.6000        
  0.30000      0.0000      1.6000        
  0.40000      0.0000      1.6000        
  0.50000      0.0000      1.6000        
  0.60000      0.0000      1.6000        
  0.70000      0.0000      1.6000        
  0.80000      0.0000      1.6000        
  0.90000      0.0000      1.6000        
  0.20000      0.0000      1.5000        
  0.40000      0.0000      1.5000        
  0.60000      0.0000      1.5000        
  0.80000      0.0000      1.5000        
  0.10000      0.0000      1.4000        
  0.20000      0.0000      1.4000        
  0.30000      0.0000      1.4000        
  0.40000      0.0000      1.4000        
  0.50000      0.0000      1.4000        
  0.60000      0.0000      1.4000        
  0.70000      0.0000      1.4000        
  0.80000      0.0000      1.4000        
  0.90000      0.0000      1.4000        
  0.20000      0.0000      1.3000        
  0.40000      0.0000      1.3000        
  0.60000      0.0000      1.3000        
  0.80000      0.0000      1.3000        
  0.10000      0.0000      1.2000        
  0.20000      0.0000      1.2000        
  0.30000      0.0000      1.2000        
  0.40000      0.0000      1.2000        
  0.50000      0.0000      1.2000        
  0.60000      0.0000      1.2000        
  0.70000      0.0000      1.2000        
  0.80000      0.0000      1.2000        
  0.90000      0.0000      1.2000        
  0.20000      0.0000      1.1000        
  0.40000      0.0000      1.1000        
  0.60000      0.0000      1.1000        
  0.80000      0.0000      1.1000        
  0.10000      0.0000      1.0000        
  0.20000      0.0000      1.0000        
  0.30000      0.0000      1.0000        
  0.40000      0.0000      1.0000        
  0.50000      0.0000      1.0000        
  0.60000      0.0000      1.0000        
  0.70000      0.0000      1.0000        
  0.80000      0.0000      1.0000        
  0.90000      0.0000      1.0000        
  0.20000      0.0000     0.90000        
  0.40000      0.0000     0.90000        
  0.60000      0.0000     0.90000        
  0.80000      0.0000     0.90000        
  0.10000      0.0000     0.80000        
  0.20000      0.0000     0.80000        
  0.30000      0.0000     0.80000        
  0.40000      0.0000     0.80000        
  0.50000      0.0000     0.80000        
  0.60000      0.0000     0.80000        
  0.70000      0.0000     0.80000        
  0.80000      0.0000     0.80000        
  0.90000      0.0000     0.80000        
  0.20000      0.0000     0.70000        
  0.40000      0.0000     0.70000        
  0.60000      0.0000     0.70000        
  0.80000      0.0000     0.70000        
  0.10000      0.0000     0.60000        
  0.20000      0.0000     0.60000        
  0.30000      0.0000     0.60000        
  0.40000      0.0000     0.60000        
  0.50000      0.0000     0.60000        
  0.60000      0.0000     0.60000        
  0.70000      0.0000     0.60000        
  0.80000      0.0000     0.60000        
  0.90000      0.0000     0.60000        
  0.20000      0.0000     0.50000        
  0.40000      0.0000     0.50000        
  0.60000      0.0000     0.50000        
  0.80000      0.0000     0.50000        
  0.10000      0.0000     0.40000        
  0.20000      0.0000     0.40000        
  0.30000      0.0000     0.40000        
  0.40000      0.0000     0.40000        
  0.50000      0.0000     0.40000        
  0.60000      0.0000     0.40000        
  0.70000      0.0000     0.40000        
  0.80000      0.0000     0.40000        
  0.90000      0.0000     0.40000        
  0.20000      0.0000     0.30000        
  0.40000      0.0000     0.30000        
  0.60000      0.0000     0.30000        
  0.80000      0.0000     0.30000        
  0.10000      0.0000     0.20000        
  0.20000      0.0000     0.20000        
  0.30000      0.0000     0.20000        
  0.40000      0.0000     0.20000        
  0.50000      0.0000     0.20000        
  0.60000      0.0000     0.20000        
  0.70000      0.0000     0.20000        
  0.80000      0.0000     0.20000        
  0.90000      0.0000     0.20000        
  0.20000      0.0000     0.10000        
  0.40000      0.0000     0.10000        
  0.60000      0.0000     0.10000        
  0.80000      0.0000     0.10000        
   1.0000      1.0000     0.10000        
   1.0000      1.0000     0.20000        
   1.0000      1.0000     0.30000        
   1.0000      1.0000     0.40000        
   1.0000      1.0000     0.50000        
   1.0000      1.0000     0.60000        
   1.0000      1.0000     0.70000        
   1.0000      1.0000     0.80000        
   1.0000      1.0000     0.90000        
   1.0000      1.0000      1.0000        
   1.0000      1.0000      1.1000        
   1.0000      1.0000      1.2000        
   1.0000      1.0000      1.3000        
   1.0000      1.0000      1.4000        
   1.0000      1.0000      1.5000        
   1.0000      1.0000      1.6000        
   1.0000      1.0000      1.7000        
   1.0000      1.0000      1.8000        
   1.0000      1.0000      1.9000        
   1.0000      1.0000      2.0000        
   1.0000      1.0000      2.1000        
   1.0000      1.0000      2.2000        
   1.0000      1.0000      2.3000        
   1.0000      1.0000      2.4000        
   1.0000      1.0000      2.5000        
   1.0000      1.0000      2.6000        
   1.0000      1.0000      2.7000        
   1.0000      1.0000      2.8000        
   1.0000      1.0000      2.9000        
   1.0000      1.0000      3.0000        
   1.0000      1.0000      3.1000        
   1.0000      1.0000      3.2000        
   1.0000      1.0000      3.3000        
   1.0000      1.0000      3.4000        
   1.0000      1.0000      3.5000        
   1.0000      1.0000      3.6000        
   1.0000      1.0000      3.7000        
   1.0000      1.0000      3.8000        
   1.0000      1.0000      3.9000        
   1.0000      1.0000      4.0000        
   1.0000      1.0000      4.1000        
   1.0000      1.0000      4.2000        
   1.0000      1.0000      4.3000        
   1.0000      1.0000      4.4000        
   1.0000      1.0000      4.5000        
   1.0000      1.0000      4.6000        
   1.0000      1.0000      4.7000        
   1.0000      1.0000      4.8000        
   1.0000      1.0000      4.9000        
   0.0000      1.0000      4.9000        
   0.0000      1.0000      4.8000        
   0.0000      1.0000      4.7000        
   0.0000      1.0000      4.6000        
   0.0000      1.0000      4.5000        
   0.0000      1.0000      4.4000        
   0.0000      1.0000      4.3000        
   0.0000      1.0000      4.2000        
   0.0000      1.0000      4.1000        
   0.0000      1.0000      4.0000        
   0.0000      1.0000      3.9000        
   0.0000      1.0000      3.8000        
   0.0000      1.0000      3.7000        
   0.0000      1.0000      3.6000        
   0.0000      1.0000      3.5000        
   0.0000      1.0000      3.4000        
   0.0000      1.0000      3.3000        
   0.0000      1.0000      3.2000        
   0.0000      1.0000      3.1000        
   0.0000      1.0000      3.0000        
   0.0000      1.0000      2.9000        
   0.0000      1.0000      2.8000        
   0.0000      1.0000      2.7000        
   0.0000      1.0000      2.6000        
   0.0000      1.0000      2.5000        
   0.0000      1.0000      2.4000        
   0.0000      1.0000      2.3000        
   0.0000      1.0000      2.2000        
   0.0000      1.0000      2.1000        
   0.0000      1.0000      2.0000        
   0.0000      1.0000      1.9000        
   0.0000      1.0000      1.8000        
   0.0000      1.0000      1.7000        
   0.0000      1.0000      1.6000        
   0.0000      1.0000      1.5000        
   0.0000      1.0000      1.4000        
   0.0000      1.0000      1.3000        
   0.0000      1.0000      1.2000        
   0.0000      1.0000      1.1000        
   0.0000      1.0000      1.0000        
   0.0000      1.0000     0.90000        
   0.0000      1.0000     0.80000        
   0.0000      1.0000     0.70000        
   0.0000      1.0000     0.60000        
   0.0000      1.0000     0.50000        
   0.0000      1.0000     0.40000        
   0.0000      1.0000     0.30000        
   0.0000      1.0000     0.20000        
   0.0000      1.0000     0.10000        
  0.10000      1.0000      4.8000        
  0.10000      1.0000      4.6000        
  0.10000      1.0000      4.4000        
  0.10000      1.0000      4.2000        
  0.10000      1.0000      4.0000        
  0.10000      1.0000      3.8000        
  0.10000      1.0000      3.6000        
  0.10000      1.0000      3.4000        
  0.10000      1.0000      3.2000        
  0.10000      1.0000      3.0000        
  0.10000      1.0000      2.8000        
  0.10000      1.0000      2.6000        
  0.10000      1.0000      2.4000        
  0.10000      1.0000      2.2000        
  0.10000      1.0000      2.0000        
  0.10000      1.0000      1.8000        
  0.10000      1.0000      1.6000        
  0.10000      1.0000      1.4000        
  0.10000      1.0000      1.2000        
  0.10000      1.0000      1.0000        
  0.10000      1.0000     0.80000        
  0.10000      1.0000     0.60000        
  0.10000      1.0000     0.40000        
  0.10000      1.0000     0.20000        
  0.20000      1.0000      4.9000        
  0.20000      1.0000      4.8000        
  0.20000      1.0000      4.7000        
  0.20000      1.0000      4.6000        
  0.20000      1.0000      4.5000        
  0.20000      1.0000      4.4000        
  0.20000      1.0000      4.3000        
  0.20000      1.0000      4.2000        
  0.20000      1.0000      4.1000        
  0.20000      1.0000      4.0000        
  0.20000      1.0000      3.9000        
  0.20000      1.0000      3.8000        
  0.20000      1.0000      3.7000        
  0.20000      1.0000      3.6000        
  0.20000      1.0000      3.5000        
  0.20000      1.0000      3.4000        
  0.20000      1.0000      3.3000        
  0.20000      1.0000      3.2000        
  0.20000      1.0000      3.1000        
  0.20000      1.0000      3.0000        
  0.20000      1.0000      2.9000        
  0.20000      1.0000      2.8000        
  0.20000      1.0000      2.7000        
  0.20000      1.0000      2.6000        
  0.20000      1.0000      2.5000        
  0.20000      1.0000      2.4000        
  0.20000      1.0000      2.3000        
  0.20000      1.0000      2.2000        
  0.20000      1.0000      2.1000        
  0.20000      1.0000      2.0000        
  0.20000      1.0000      1.9000        
  0.20000      1.0000      1.8000        
  0.20000      1.0000      1.7000        
  0.20000      1.0000      1.6000        
  0.20000      1.0000      1.5000        
  0.20000      1.0000      1.4000        
  0.20000      1.0000      1.3000        
  0.20000      1.0000      1.2000        
  0.20000      1.0000      1.1000        
  0.20000      1.0000      1.0000        
  0.20000      1.0000     0.90000        
  0.20000      1.0000     0.80000        
  0.20000      1.0000     0.70000        
  0.20000      1.0000     0.60000        
  0.20000      1.0000     0.50000        
  0.20000      1.0000     0.40000        
  0.20000      1.0000     0.30000        
  0.20000      1.0000     0.20000        
  0.20000      1.0000     0.10000        
  0.30000      1.0000      4.8000        
  0.30000      1.0000      4.6000        
  0.30000      1.0000      4.4000        
  0.30000      1.0000      4.2000        
  0.30000      1.0000      4.0000        
  0.30000      1.0000      3.8000        
  0.30000      1.0000      3.6000        
  0.30000      1.0000      3.4000        
  0.30000      1.0000      3.2000        
  0.30000      1.0000      3.0000        
  0.30000      1.0000      2.8000        
  0.30000      1.0000      2.6000        
  0.30000      1.0000      2.4000        
  0.30000      1.0000      2.2000        
  0.30000      1.0000      2.0000        
  0.30000      1.0000      1.8000        
  0.30000      1.0000      1.6000        
  0.30000      1.0000      1.4000        
  0.30000      1.0000      1.2000        
  0.30000      1.0000      1.0000        
  0.30000      1.0000     0.80000        
  0.30000      1.0000     0.60000        
  0.30000      1.0000     0.40000        
  0.30000      1.0000     0.20000        
  0.40000      1.0000      4.9000        
  0.40000      1.0000      4.8000        
  0.40000      1.0000      4.7000        
  0.40000      1.0000      4.6000        
  0.40000      1.0000      4.5000        
  0.40000      1.0000      4.4000        
  0.40000      1.0000      4.3000        
  0.40000      1.0000      4.2000        
  0.40000      1.0000      4.1000        
  0.40000      1.0000      4.0000        
  0.40000      1.0000      3.9000        
  0.40000      1.0000      3.8000        
  0.40000      1.0000      3.7000        
  0.40000      1.0000      3.6000        
  0.40000      1.0000      3.5000        
  0.40000      1.0000      3.4000        
  0.40000      1.0000      3.3000        
  0.40000      1.0000      3.2000        
  0.40000      1.0000      3.1000        
  0.40000      1.0000      3.0000        
  0.40000      1.0000      2.9000        
  0.40000      1.0000      2.8000        
  0.40000      1.0000      2.7000        
  0.40000      1.0000      2.6000        
  0.40000      1.0000      2.5000        
  0.40000      1.0000      2.4000        
  0.40000      1.0000      2.3000        
  0.40000      1.0000      2.2000        
  0.40000      1.0000      2.1000        
  0.40000      1.0000      2.0000        
  0.40000      1.0000      1.9000        
  0.40000      1.0000      1.8000        
  0.40000      1.0000      1.7000        
  0.40000      1.0000      1.6000        
  0.40000      1.0000      1.5000        
  0.40000      1.0000      1.4000        
  0.40000      1.0000      1.3000        
  0.40000      1.0000      1.2000        
  0.40000      1.0000      1.1000        
  0.40000      1.0000      1.0000        
  0.40000      1.0000     0.90000        
  0.40000      1.0000     0.80000        
  0.40000      1.0000     0.70000        
  0.40000      1.0000     0.60000        
  0.40000      1.0000     0.50000        
  0.40000      1.0000     0.40000        
  0.40000      1.0000     0.30000        
  0.40000      1.0000     0.20000        
  0.40000      1.0000     0.10000        
  0.50000      1.0000      4.8000        
  0.50000      1.0000      4.6000        
  0.50000      1.0000      4.4000        
  0.50000      1.0000      4.2000        
  0.50000      1.0000      4.0000        
  0.50000      1.0000      3.8000        
  0.50000      1.0000      3.6000        
  0.50000      1.0000      3.4000        
  0.50000      1.0000      3.2000        
  0.50000      1.0000      3.0000        
  0.50000      1.0000      2.8000        
  0.50000      1.0000      2.6000        
  0.50000      1.0000      2.4000        
  0.50000      1.0000      2.2000        
  0.50000      1.0000      2.0000        
  0.50000      1.0000      1.8000        
  0.50000      1.0000      1.6000        
  0.50000      1.0000      1.4000        
  0.50000      1.0000      1.2000        
  0.50000      1.0000      1.0000        
  0.50000      1.0000     0.80000        
  0.50000      1.0000     0.60000        
  0.50000      1.0000     0.40000        
  0.50000      1.0000     0.20000        
  0.60000      1.0000      4.9000        
  0.60000      1.0000      4.8000        
  0.60000      1.0000      4.7000        
  0.60000      1.0000      4.6000        
  0.60000      1.0000      4.5000        
  0.60000      1.0000      4.4000        
  0.60000      1.0000      4.3000        
  0.60000      1.0000      4.2000        
  0.60000      1.0000      4.1000        
  0.60000      1.0000      4.0000        
  0.60000      1.0000      3.9000        
  0.60000      1.0000      3.8000        
  0.60000      1.0000      3.7000        
  0.60000      1.0000      3.6000        
  0.60000      1.0000      3.5000        
  0.60000      1.0000      3.4000        
  0.60000      1.0000      3.3000        
  0.60000      1.0000      3.2000        
  0.60000      1.0000      3.1000        
  0.60000      1.0000      3.0000        
  0.60000      1.0000      2.9000        
  0.60000      1.0000      2.8000        
  0.60000      1.0000      2.7000        
  0.60000      1.0000      2.6000        
  0.60000      1.0000      2.5000        
  0.60000      1.0000      2.4000        
  0.60000      1.0000      2.3000        
  0.60000      1.0000      2.2000        
  0.60000      1.0000      2.1000        
  0.60000      1.0000      2.0000        
  0.60000      1.0000      1.9000        
  0.60000      1.0000      1.8000        
  0.60000      1.0000      1.7000        
  0.60000      1.0000      1.6000        
  0.60000      1.0000      1.5000        
  0.60000      1.0000      1.4000        
  0.60000      1.0000      1.3000        
  0.60000      1.0000      1.2000        
  0.60000      1.0000      1.1000        
  0.60000      1.0000      1.0000        
  0.60000      1.0000     0.90000        
  0.60000      1.0000     0.80000        
  0.60000      1.0000     0.70000        
  0.60000      1.0000     0.60000        
  0.60000      1.0000     0.50000        
  0.60000      1.0000     0.40000        
  0.60000      1.0000     0.30000        
  0.60000      1.0000     0.20000        
  0.60000      1.0000     0.10000        
  0.70000      1.0000      4.8000        
  0.70000      1.0000      4.6000        
  0.70000      1.0000      4.4000        
  0.70000      1.0000      4.2000        
  0.70000      1.0000      4.0000        
  0.70000      1.0000      3.8000        
  0.70000      1.0000      3.6000        
  0.70000      1.0000      3.4000        
  0.70000      1.0000      3.2000        
  0.70000      1.0000      3.0000        
  0.70000      1.0000      2.8000        
  0.70000      1.0000      2.6000        
  0.70000      1.0000      2.4000        
  0.70000      1.0000      2.2000        
  0.70000      1.0000      2.0000        
  0.70000      1.0000      1.8000        
  0.70000      1.0000      1.6000        
  0.70000      1.0000      1.4000        
  0.70000      1.0000      1.2000        
  0.70000      1.0000      1.0000        
  0.70000      1.0000     0.80000        
  0.70000      1.0000     0.60000        
  0.70000      1.0000     0.40000        
  0.70000      1.0000     0.20000        
  0.80000      1.0000      4.9000        
  0.80000      1.0000      4.8000        
  0.80000      1.0000      4.7000        
  0.80000      1.0000      4.6000        
  0.80000      1.0000      4.5000        
  0.80000      1.0000      4.4000        
  0.80000      1.0000      4.3000        
  0.80000      1.0000      4.2000        
  0.80000      1.0000      4.1000        
  0.80000      1.0000      4.0000        
  0.80000      1.0000      3.9000        
  0.80000      1.0000      3.8000        
  0.80000      1.0000      3.7000        
  0.80000      1.0000      3.6000        
  0.80000      1.0000      3.5000        
  0.80000      1.0000      3.4000        
  0.80000      1.0000      3.3000        
  0.80000      1.0000      3.2000        
  0.80000      1.0000      3.1000        
  0.80000      1.0000      3.0000        
  0.80000      1.0000      2.9000        
  0.80000      1.0000      2.8000        
  0.80000      1.0000      2.7000        
  0.80000      1.0000      2.6000        
  0.80000      1.0000      2.5000        
  0.80000      1.0000      2.4000        
  0.80000      1.0000      2.3000        
  0.80000      1.0000      2.2000        
  0.80000      1.0000      2.1000        
  0.80000      1.0000      2.0000        
  0.80000      1.0000      1.9000        
  0.80000      1.0000      1.8000        
  0.80000      1.0000      1.7000        
  0.80000      1.0000      1.6000        
  0.80000      1.0000      1.5000        
  0.80000      1.0000      1.4000        
  0.80000      1.0000      1.3000        
  0.80000      1.0000      1.2000        
  0.80000      1.0000      1.1000        
  0.80000      1.0000      1.0000        
  0.80000      1.0000     0.90000        
  0.80000      1.0000     0.80000        
  0.80000      1.0000     0.70000        
  0.80000      1.0000     0.60000        
  0.80000      1.0000     0.50000        
  0.80000      1.0000     0.40000        
  0.80000      1.0000     0.30000        
  0.80000      1.0000     0.20000        
  0.80000      1.0000     0.10000        
  0.90000      1.0000      4.8000        
  0.90000      1.0000      4.6000        
  0.90000      1.0000      4.4000        
  0.90000      1.0000      4.2000        
  0.90000      1.0000      4.0000        
  0.90000      1.0000      3.8000        
  0.90000      1.0000      3.6000        
  0.90000      1.0000      3.4000        
  0.90000      1.0000      3.2000        
  0.90000      1.0000      3.0000        
  0.90000      1.0000      2.8000        
  0.90000      1.0000      2.6000        
  0.90000      1.0000      2.4000        
  0.90000      1.0000      2.2000        
  0.90000      1.0000      2.0000        
  0.90000      1.0000      1.8000        
  0.90000      1.0000      1.6000        
  0.90000      1.0000      1.4000        
  0.90000      1.0000      1.2000        
  0.90000      1.0000      1.0000        
  0.90000      1.0000     0.80000        
  0.90000      1.0000     0.60000        
  0.90000      1.0000     0.40000        
  0.90000      1.0000     0.20000        
   0.0000     0.10000      4.8000        
   0.0000     0.10000      4.6000        
   0.0000     0.10000      4.4000        
   0.0000     0.10000      4.2000        
   0.0000     0.10000      4.0000        
   0.0000     0.10000      3.8000        
   0.0000     0.10000      3.6000        
   0.0000     0.10000      3.4000        
   0.0000     0.10000      3.2000        
   0.0000     0.10000      3.0000        
   0.0000     0.10000      2.8000        
   0.0000     0.10000      2.6000        
   0.0000     0.10000      2.4000        
   0.0000     0.10000      2.2000        
   0.0000     0.10000      2.0000        
   0.0000     0.10000      1.8000        
   0.0000     0.10000      1.6000        
   0.0000     0.10000      1.4000        
   0.0000     0.10000      1.2000        
   0.0000     0.10000      1.0000        
   0.0000     0.10000     0.80000        
   0.0000     0.10000     0.60000        
   0.0000     0.10000     0.40000        
   0.0000     0.10000     0.20000        
   0.0000     0.20000      4.9000        
   0.0000     0.20000      4.8000        
   0.0000     0.20000      4.7000        
   0.0000     0.20000      4.6000        
   0.0000     0.20000      4.5000        
   0.0000     0.20000      4.4000        
   0.0000     0.20000      4.3000        
   0.0000     0.20000      4.2000        
   0.0000     0.20000      4.1000        
   0.0000     0.20000      4.0000        
   0.0000     0.20000      3.9000        
   0.0000     0.20000      3.8000        
   0.0000     0.20000      3.7000        
   0.0000     0.20000      3.6000        
   0.0000     0.20000      3.5000        
   0.0000     0.20000      3.4000        
   0.0000     0.20000      3.3000        
   0.0000     0.20000      3.2000        
   0.0000     0.20000      3.1000        
   0.0000     0.20000      3.0000        
   0.0000     0.20000      2.9000        
   0.0000     0.20000      2.8000        
   0.0000     0.20000      2.7000        
   0.0000     0.20000      2.6000        
   0.0000     0.20000      2.5000        
   0.0000     0.20000      2.4000        
   0.0000     0.20000      2.3000        
   0.0000     0.20000      2.2000        
   0.0000     0.20000      2.1000        
   0.0000     0.20000      2.0000        
   0.0000     0.20000      1.9000        
   0.0000     0.20000      1.8000        
   0.0000     0.20000      1.7000        
   0.0000     0.20000      1.6000        
   0.0000     0.20000      1.5000        
   0.0000     0.20000      1.4000        
   0.0000     0.20000      1.3000        
   0.0000     0.20000      1.2000        
   0.0000     0.20000      1.1000        
   0.0000     0.20000      1.0000        
   0.0000     0.20000     0.90000        
   0.0000     0.20000     0.80000        
   0.0000     0.20000     0.70000        
   0.0000     0.20000     0.60000        
   0.0000     0.20000     0.50000        
   0.0000     0.20000     0.40000        
   0.0000     0.20000     0.30000        
   0.0000     0.20000     0.20000        
   0.0000     0.20000     0.10000        
   0.0000     0.30000      4.8000        
   0.0000     0.30000      4.6000        
   0.0000     0.30000      4.4000        
   0.0000     0.30000      4.2000        
   0.0000     0.30000      4.0000        
   0.0000     0.30000      3.8000        
   0.0000     0.30000      3.6000        
   0.0000     0.30000      3.4000        
   0.0000     0.30000      3.2000        
   0.0000     0.30000      3.0000        
   0.0000     0.30000      2.8000        
   0.0000     0.30000      2.6000        
   0.0000     0.30000      2.4000        
   0.0000     0.30000      2.2000        
   0.0000     0.30000      2.0000        
   0.0000     0.30000      1.8000        
   0.0000     0.30000      1.6000        
   0.0000     0.30000      1.4000        
   0.0000     0.30000      1.2000        
   0.0000     0.30000      1.0000        
   0.0000     0.30000     0.80000        
   0.0000     0.30000     0.60000        
   0.0000     0.30000     0.40000        
   0.0000     0.30000     0.20000        
   0.0000     0.40000      4.9000        
   0.0000     0.40000      4.8000        
   0.0000     0.40000      4.7000        
   0.0000     0.40000      4.6000        
   0.0000     0.40000      4.5000        
   0.0000     0.40000      4.4000        
   0.0000     0.40000      4.3000        
   0.0000     0.40000      4.2000        
   0.0000     0.40000      4.1000        
   0.0000     0.40000      4.0000        
   0.0000     0.40000      3.9000        
   0.0000     0.40000      3.8000        
   0.0000     0.40000      3.7000        
   0.0000     0.40000      3.6000        
   0.0000     0.40000      3.5000        
   0.0000     0.40000      3.4000        
   0.0000     0.40000      3.3000        
   0.0000     0.40000      3.2000        
   0.0000     0.40000      3.1000        
   0.0000     0.40000      3.0000        
   0.0000     0.40000      2.9000        
   0.0000     0.40000      2.8000        
   0.0000     0.40000      2.7000        
   0.0000     0.40000      2.6000        
   0.0000     0.40000      2.5000        
   0.0000     0.40000      2.4000        
   0.0000     0.40000      2.3000        
   0.0000     0.40000      2.2000        
   0.0000     0.40000      2.1000        
   0.0000     0.40000      2.0000        
   0.0000     0.40000      1.9000        
   0.0000     0.40000      1.8000        
   0.0000     0.40000      1.7000        
   0.0000     0.40000      1.6000        
   0.0000     0.40000      1.5000        
   0.0000     0.40000      1.4000        
   0.0000     0.40000      1.3000        
   0.0000     0.40000      1.2000        
   0.0000     0.40000      1.1000        
   0.0000     0.40000      1.0000        
   0.0000     0.40000     0.90000        
   0.0000     0.40000     0.80000        
   0.0000     0.40000     0.70000        
   0.0000     0.40000     0.60000        
   0.0000     0.40000     0.50000        
   0.0000     0.40000     0.40000        
   0.0000     0.40000     0.30000        
   0.0000     0.40000     0.20000        
   0.0000     0.40000     0.10000        
   0.0000     0.50000      4.8000        
   0.0000     0.50000      4.6000        
   0.0000     0.50000      4.4000        
   0.0000     0.50000      4.2000        
   0.0000     0.50000      4.0000        
   0.0000     0.50000      3.8000        
   0.0000     0.50000      3.6000        
   0.0000     0.50000      3.4000        
   0.0000     0.50000      3.2000        
   0.0000     0.50000      3.0000        
   0.0000     0.50000      2.8000        
   0.0000     0.50000      2.6000        
   0.0000     0.50000      2.4000        
   0.0000     0.50000      2.2000        
   0.0000     0.50000      2.0000        
   0.0000     0.50000      1.8000        
   0.0000     0.50000      1.6000        
   0.0000     0.50000      1.4000        
   0.0000     0.50000      1.2000        
   0.0000     0.50000      1.0000        
   0.0000     0.50000     0.80000        
   0.0000     0.50000     0.60000        
   0.0000     0.50000     0.40000        
   0.0000     0.50000     0.20000        
   0.0000     0.60000      4.9000        
   0.0000     0.60000      4.8000        
   0.0000     0.60000      4.7000        
   0.0000     0.60000      4.6000        
   0.0000     0.60000      4.5000        
   0.0000     0.60000      4.4000        
   0.0000     0.60000      4.3000        
   0.0000     0.60000      4.2000        
   0.0000     0.60000      4.1000        
   0.0000     0.60000      4.0000        
   0.0000     0.60000      3.9000        
   0.0000     0.60000      3.8000        
   0.0000     0.60000      3.7000        
   0.0000     0.60000      3.6000        
   0.0000     0.60000      3.5000        
   0.0000     0.60000      3.4000        
   0.0000     0.60000      3.3000        
   0.0000     0.60000      3.2000        
   0.0000     0.60000      3.1000        
   0.0000     0.60000      3.0000        
   0.0000     0.60000      2.9000        
   0.0000     0.60000      2.8000        
   0.0000     0.60000      2.7000        
   0.0000     0.60000      2.6000        
   0.0000     0.60000      2.5000        
   0.0000     0.60000      2.4000        
   0.0000     0.60000      2.3000        
   0.0000     0.60000      2.2000        
   0.0000     0.60000      2.1000        
   0.0000     0.60000      2.0000        
   0.0000     0.60000      1.9000        
   0.0000     0.60000      1.8000        
   0.0000     0.60000      1.7000        
   0.0000     0.60000      1.6000        
   0.0000     0.60000      1.5000        
   0.0000     0.60000      1.4000        
   0.0000     0.60000      1.3000        
   0.0000     0.60000      1.2000        
   0.0000     0.60000      1.1000        
   0.0000     0.60000      1.0000        
   0.0000     0.60000     0.90000        
   0.0000     0.60000     0.80000        
   0.0000     0.60000     0.70000        
   0.0000     0.60000     0.60000        
   0.0000     0.60000     0.50000        
   0.0000     0.60000     0.40000        
   0.0000     0.60000     0.30000        
   0.0000     0.60000     0.20000        
   0.0000     0.60000     0.10000        
   0.0000     0.70000      4.8000        
   0.0000     0.70000      4.6000        
   0.0000     0.70000      4.4000        
   0.0000     0.70000      4.2000        
   0.0000     0.70000      4.0000        
   0.0000     0.70000      3.8000        
   0.0000     0.70000      3.6000        
   0.0000     0.70000      3.4000        
   0.0000     0.70000      3.2000        
   0.0000     0.70000      3.0000        
   0.0000     0.70000      2.8000        
   0.0000     0.70000      2.6000        
   0.0000     0.70000      2.4000        
   0.0000     0.70000      2.2000        
   0.0000     0.70000      2.0000        
   0.0000     0.70000      1.8000        
   0.0000     0.70000      1.6000        
   0.0000     0.70000      1.4000        
   0.0000     0.70000      1.2000        
   0.0000     0.70000      1.0000        
   0.0000     0.70000     0.80000        
   0.0000     0.70000     0.60000        
   0.0000     0.70000     0.40000        
   0.0000     0.70000     0.20000        
   0.0000     0.80000      4.9000        
   0.0000     0.80000      4.8000        
   0.0000     0.80000      4.7000        
   0.0000     0.80000      4.6000        
   0.0000     0.80000      4.5000        
   0.0000     0.80000      4.4000        
   0.0000     0.80000      4.3000        
   0.0000     0.80000      4.2000        
   0.0000     0.80000      4.1000        
   0.0000     0.80000      4.0000        
   0.0000     0.80000      3.9000        
   0.0000     0.80000      3.8000        
   0.0000     0.80000      3.7000        
   0.0000     0.80000      3.6000        
   0.0000     0.80000      3.5000        
   0.0000     0.80000      3.4000        
   0.0000     0.80000      3.3000        
   0.0000     0.80000      3.2000        
   0.0000     0.80000      3.1000        
   0.0000     0.80000      3.0000        
   0.0000     0.80000      2.9000        
   0.0000     0.80000      2.8000        
   0.0000     0.80000      2.7000        
   0.0000     0.80000      2.6000        
   0.0000     0.80000      2.5000        
   0.0000     0.80000      2.4000        
   0.0000     0.80000      2.3000        
   0.0000     0.80000      2.2000        
   0.0000     0.80000      2.1000        
   0.0000     0.80000      2.0000        
   0.0000     0.80000      1.9000        
   0.0000     0.80000      1.8000        
   0.0000     0.80000      1.7000        
   0.0000     0.80000      1.6000        
   0.0000     0.80000      1.5000        
   0.0000     0.80000      1.4000        
   0.0000     0.80000      1.3000        
   0.0000     0.80000      1.2000        
   0.0000     0.80000      1.1000        
   0.0000     0.80000      1.0000        
   0.0000     0.80000     0.90000        
   0.0000     0.80000     0.80000        
   0.0000     0.80000     0.70000        
   0.0000     0.80000     0.60000        
   0.0000     0.80000     0.50000        
   0.0000     0.80000     0.40000        
   0.0000     0.80000     0.30000        
   0.0000     0.80000     0.20000        
   0.0000     0.80000     0.10000        
   0.0000     0.90000      4.8000        
   0.0000     0.90000      4.6000        
   0.0000     0.90000      4.4000        
   0.0000     0.90000      4.2000        
   0.0000     0.90000      4.0000        
   0.0000     0.90000      3.8000        
   0.0000     0.90000      3.6000        
   0.0000     0.90000      3.4000        
   0.0000     0.90000      3.2000        
   0.0000     0.90000      3.0000        
   0.0000     0.90000      2.8000        
   0.0000     0.90000      2.6000        
   0.0000     0.90000      2.4000        
   0.0000     0.90000      2.2000        
   0.0000     0.90000      2.0000        
   0.0000     0.90000      1.8000        
   0.0000     0.90000      1.6000        
   0.0000     0.90000      1.4000        
   0.0000     0.90000      1.2000        
   0.0000     0.90000      1.0000        
   0.0000     0.90000     0.80000        
   0.0000     0.90000     0.60000        
   0.0000     0.90000     0.40000        
   0.0000     0.90000     0.20000        
   1.0000     0.20000      4.9000        
   1.0000     0.40000      4.9000        
   1.0000     0.60000      4.9000        
   1.0000     0.80000      4.9000        
   1.0000     0.10000      4.8000        
   1.0000     0.20000      4.8000        
   1.0000     0.30000      4.8000        
   1.0000     0.40000      4.8000        
   1.0000     0.50000      4.8000        
   1.0000     0.60000      4.8000        
   1.0000     0.70000      4.8000        
   1.0000     0.80000      4.8000        
   1.0000     0.90000      4.8000        
   1.0000     0.20000      4.7000        
   1.0000     0.40000      4.7000        
   1.0000     0.60000      4.7000        
   1.0000     0.80000      4.7000        
   1.0000     0.10000      4.6000        
   1.0000     0.20000      4.6000        
   1.0000     0.30000      4.6000        
   1.0000     0.40000      4.6000        
   1.0000     0.50000      4.6000        
   1.0000     0.60000      4.6000        
   1.0000     0.70000      4.6000        
   1.0000     0.80000      4.6000        
   1.0000     0.90000      4.6000        
   1.0000     0.20000      4.5000        
   1.0000     0.40000      4.5000        
   1.0000     0.60000      4.5000        
   1.0000     0.80000      4.5000        
   1.0000     0.10000      4.4000        
   1.0000     0.20000      4.4000        
   1.0000     0.30000      4.4000        
   1.0000     0.40000      4.4000        
   1.0000     0.50000      4.4000        
   1.0000     0.60000      4.4000        
   1.0000     0.70000      4.4000        
   1.0000     0.80000      4.4000        
   1.0000     0.90000      4.4000        
   1.0000     0.20000      4.3000        
   1.0000     0.40000      4.3000        
   1.0000     0.60000      4.3000        
   1.0000     0.80000      4.3000        
   1.0000     0.10000      4.2000        
   1.0000     0.20000      4.2000        
   1.0000     0.30000      4.2000        
   1.0000     0.40000      4.2000        
   1.0000     0.50000      4.2000        
   1.0000     0.60000      4.2000        
   1.0000     0.70000      4.2000        
   1.0000     0.80000      4.2000        
   1.0000     0.90000      4.2000        
   1.0000     0.20000      4.1000        
   1.0000     0.40000      4.1000        
   1.0000     0.60000      4.1000        
   1.0000     0.80000      4.1000        
   1.0000     0.10000      4.0000        
   1.0000     0.20000      4.0000        
   1.0000     0.30000      4.0000        
   1.0000     0.40000      4.0000        
   1.0000     0.50000      4.0000        
   1.0000     0.60000      4.0000        
   1.0000     0.70000      4.0000        
   1.0000     0.80000      4.0000        
   1.0000     0.90000      4.0000        
   1.0000     0.20000      3.9000        
   1.0000     0.40000      3.9000        
   1.0000     0.60000      3.9000        
   1.0000     0.80000      3.9000        
   1.0000     0.10000      3.8000        
   1.0000     0.20000      3.8000        
   1.0000     0.30000      3.8000        
   1.0000     0.40000      3.8000        
   1.0000     0.50000      3.8000        
   1.0000     0.60000      3.8000        
   1.0000     0.70000      3.8000        
   1.0000     0.80000      3.8000        
   1.0000     0.90000      3.8000        
   1.0000     0.20000      3.7000        
   1.0000     0.40000      3.7000        
   1.0000     0.60000      3.7000        
   1.0000     0.80000      3.7000        
   1.0000     0.10000      3.6000        
   1.0000     0.20000      3.6000        
   1.0000     0.30000      3.6000        
   1.0000     0.40000      3.6000        
   1.0000     0.50000      3.6000        
   1.0000     0.60000      3.6000        
   1.0000     0.70000      3.6000        
   1.0000     0.80000      3.6000        
   1.0000     0.90000      3.6000        
   1.0000     0.20000      3.5000        
   1.0000     0.40000      3.5000        
   1.0000     0.60000      3.5000        
   1.0000     0.80000      3.5000        
   1.0000     0.10000      3.4000        
   1.0000     0.20000      3.4000        
   1.0000     0.30000      3.4000        
   1.0000     0.40000      3.4000        
   1.0000     0.50000      3.4000        
   1.0000     0.60000      3.4000        
   1.0000     0.70000      3.4000        
   1.0000     0.80000      3.4000        
   1.0000     0.90000      3.4000        
   1.0000     0.20000      3.3000        
   1.0000     0.40000      3.3000        
   1.0000     0.60000      3.3000        
   1.0000     0.80000      3.3000        
   1.0000     0.10000      3.2000        
   1.0000     0.20000      3.2000        
   1.0000     0.30000      3.2000        
   1.0000     0.40000      3.2000        
   1.0000     0.50000      3.2000        
   1.0000     0.60000      3.2000        
   1.0000     0.70000      3.2000        
   1.0000     0.80000      3.2000        
   1.0000     0.90000      3.2000        
   1.0000     0.20000      3.1000        
   1.0000     0.40000      3.1000        
   1.0000     0.60000      3.1000        
   1.0000     0.80000      3.1000        
   1.0000     0.10000      3.0000        
   1.0000     0.20000      3.0000        
   1.0000     0.30000      3.0000        
   1.0000     0.40000      3.0000        
   1.0000     0.50000      3.0000        
   1.0000     0.60000      3.0000        
   1.0000     0.70000      3.0000        
   1.0000     0.80000      3.0000        
   1.0000     0.90000      3.0000        
   1.0000     0.20000      2.9000        
   1.0000     0.40000      2.9000        
   1.0000     0.60000      2.9000        
   1.0000     0.80000      2.9000        
   1.0000     0.10000      2.8000        
   1.0000     0.20000      2.8000        
   1.0000     0.30000      2.8000        
   1.0000     0.40000      2.8000        
   1.0000     0.50000      2.8000        
   1.0000     0.60000      2.8000        
   1.0000     0.70000      2.8000        
   1.0000     0.80000      2.8000        
   1.0000     0.90000      2.8000        
   1.0000     0.20000      2.7000        
   1.0000     0.40000      2.7000        
   1.0000     0.60000      2.7000        
   1.0000     0.80000      2.7000        
   1.0000     0.10000      2.6000        
   1.0000     0.20000      2.6000        
   1.0000     0.30000      2.6000        
   1.0000     0.40000      2.6000        
   1.0000     0.50000      2.6000        
   1.0000     0.60000      2.6000        
   1.0000     0.70000      2.6000        
   1.0000     0.80000      2.6000        
   1.0000     0.90000      2.6000        
   1.0000     0.20000      2.5000        
   1.0000     0.40000      2.5000        
   1.0000     0.60000      2.5000        
   1.0000     0.80000      2.5000        
   1.0000     0.10000      2.4000        
   1.0000     0.20000      2.4000        
   1.0000     0.30000      2.4000        
   1.0000     0.40000      2.4000        
   1.0000     0.50000      2.4000        
   1.0000     0.60000      2.4000        
   1.0000     0.70000      2.4000        
   1.0000     0.80000      2.4000        
   1.0000     0.90000      2.4000        
   1.0000     0.20000      2.3000        
   1.0000     0.40000      2.3000        
   1.0000     0.60000      2.3000        
   1.0000     0.80000      2.3000        
   1.0000     0.10000      2.2000        
   1.0000     0.20000      2.2000        
   1.0000     0.30000      2.2000        
   1.0000     0.40000      2.2000        
   1.0000     0.50000      2.2000        
   1.0000     0.60000      2.2000        
   1.0000     0.70000      2.2000        
   1.0000     0.80000      2.2000        
   1.0000     0.90000      2.2000        
   1.0000     0.20000      2.1000        
   1.0000     0.40000      2.1000        
   1.0000     0.60000      2.1000        
   1.0000     0.80000      2.1000        
   1.0000     0.10000      2.0000        
   1.0000     0.20000      2.0000        
   1.0000     0.30000      2.0000        
   1.0000     0.40000      2.0000        
   1.0000     0.50000      2.0000        
   1.0000     0.60000      2.0000        
   1.0000     0.70000      2.0000        
   1.0000     0.80000      2.0000        
   1.0000     0.90000      2.0000        
   1.0000     0.20000      1.9000        
   1.0000     0.40000      1.9000        
   1.0000     0.60000      1.9000        
   1.0000     0.80000      1.9000        
   1.0000     0.10000      1.8000        
   1.0000     0.20000      1.8000        
   1.0000     0.30000      1.8000        
   1.0000     0.40000      1.8000        
   1.0000     0.50000      1.8000        
   1.0000     0.60000      1.8000        
   1.0000     0.70000      1.8000        
   1.0000     0.80000      1.8000        
   1.0000     0.90000      1.8000        
   1.0000     0.20000      1.7000        
   1.0000     0.40000      1.7000        
   1.0000     0.60000      1.7000        
   1.0000     0.80000      1.7000        
   1.0000     0.10000      1.6000        
   1.0000     0.20000      1.6000        
   1.0000     0.30000      1.6000        
   1.0000     0.40000      1.6000        
   1.0000     0.50000      1.6000        
   1.0000     0.60000      1.6000        
   1.0000     0.70000      1.6000        
   1.0000     0.80000      1.6000        
   1.0000     0.90000      1.6000        
   1.0000     0.20000      1.5000        
   1.0000     0.40000      1.5000        
   1.0000     0.60000      1.5000        
   1.0000     0.80000      1.5000        
   1.0000     0.10000      1.4000        
   1.0000     0.20000      1.4000        
   1.0000     0.30000      1.4000        
   1.0000     0.40000      1.4000        
   1.0000     0.50000      1.4000        
   1.0000     0.60000      1.4000        
   1.0000     0.70000      1.4000        
   1.0000     0.80000      1.4000        
   1.0000     0.90000      1.4000        
   1.0000     0.20000      1.3000        
   1.0000     0.40000      1.3000        
   1.0000     0.60000      1.3000        
   1.0000     0.80000      1.3000        
   1.0000     0.10000      1.2000        
   1.0000     0.20000      1.2000        
   1.0000     0.30000      1.2000        
   1.0000     0.40000      1.2000        
   1.0000     0.50000      1.2000        
   1.0000     0.60000      1.2000        
   1.0000     0.70000      1.2000        
   1.0000     0.80000      1.2000        
   1.0000     0.90000      1.2000        
   1.0000     0.20000      1.1000        
   1.0000     0.40000      1.1000        
   1.0000     0.60000      1.1000        
   1.0000     0.80000      1.1000        
   1.0000     0.10000      1.0000        
   1.0000     0.20000      1.0000        
   1.0000     0.30000      1.0000        
   1.0000     0.40000      1.0000        
   1.0000     0.50000      1.0000        
   1.0000     0.60000      1.0000        
   1.0000     0.70000      1.0000        
   1.0000     0.80000      1.0000        
   1.0000     0.90000      1.0000        
   1.0000     0.20000     0.90000        
   1.0000     0.40000     0.90000        
   1.0000     0.60000     0.90000        
   1.0000     0.80000     0.90000        
   1.0000     0.10000     0.80000        
   1.0000     0.20000     0.80000        
   1.0000     0.30000     0.80000        
   1.0000     0.40000     0.80000        
   1.0000     0.50000     0.80000        
   1.0000     0.60000     0.80000        
   1.0000     0.70000     0.80000        
   1.0000     0.80000     0.80000        
   1.0000     0.90000     0.80000        
   1.0000     0.20000     0.70000        
   1.0000     0.40000     0.70000        
   1.0000     0.60000     0.70000        
   1.0000     0.80000     0.70000        
   1.0000     0.10000     0.60000        
   1.0000     0.20000     0.60000        
   1.0000     0.30000     0.60000        
   1.0000     0.40000     0.60000        
   1.0000     0.50000     0.60000        
   1.0000     0.60000     0.60000        
   1.0000     0.70000     0.60000        
   1.0000     0.80000     0.60000        
   1.0000     0.90000     0.60000        
   1.0000     0.20000     0.50000        
   1.0000     0.40000     0.50000        
   1.0000     0.60000     0.50000        
   1.0000     0.80000     0.50000        
   1.0000     0.10000     0.40000        
   1.0000     0.20000     0.40000        
   1.0000     0.30000     0.40000        
   1.0000     0.40000     0.40000        
   1.0000     0.50000     0.40000        
   1.0000     0.60000     0.40000        
   1.0000     0.70000     0.40000        
   1.0000     0.80000     0.40000        
   1.0000     0.90000     0.40000        
   1.0000     0.20000     0.30000        
   1.0000     0.40000     0.30000        
   1.0000     0.60000     0.30000        
   1.0000     0.80000     0.30000        
   1.0000     0.10000     0.20000        
   1.0000     0.20000     0.20000        
   1.0000     0.30000     0.20000        
   1.0000     0.40000     0.20000        
   1.0000     0.50000     0.20000        
   1.0000     0.60000     0.20000        
   1.0000     0.70000     0.20000        
   1.0000     0.80000     0.20000        
   1.0000     0.90000     0.20000        
   1.0000     0.20000     0.10000        
   1.0000     0.40000     0.10000        
   1.0000     0.60000     0.10000        
   1.0000     0.80000     0.10000 



IEN=
     2    10    46    33    11    45    41    32

    10     8    59    46     9    58    54    45

     8     6    72    59     7    71    67    58

     6     4    85    72     5    84    80    71

     4     1    20    85     3    21    93    84

    33    46    48    35    41    47    42    34

    46    59    61    48    54    60    55    47

    59    72    74    61    67    73    68    60

    72    85    87    74    80    86    81    73

    85    20    18    87    93    19    94    86

    35    48    50    37    42    49    43    36

    48    61    63    50    55    62    56    49

    61    74    76    63    68    75    69    62

    74    87    89    76    81    88    82    75

    87    18    16    89    94    17    95    88

    37    50    52    39    43    51    44    38

    50    63    65    52    56    64    57    51

    63    76    78    65    69    77    70    64

    76    89    91    78    82    90    83    77

    89    16    14    91    95    15    96    90 

    39    52    24    22    44    53    23    40

    52    65    26    24    57    66    25    53

    65    78    28    26    70    79    27    66

    78    91    30    28    83    92    29    79

    91    14    12    30    96    13    31    92

    97   100   142   135    99   141   137   136

   100   102   155   142   101   154   150   141

   102   104   168   155   103   167   163   154

   104   106   181   168   105   180   176   167

   106    98   110   181   107   109   189   180

   135   142   144   133   137   143   138   134

   142   155   157   144   150   156   151   143

   155   168   170   157   163   169   164   156

   168   181   183   170   176   182   177   169

   181   110   112   183   189   111   190   182

   133   144   146   131   138   145   139   132

   144   157   159   146   151   158   152   145

   157   170   172   159   164   171   165   158

   170   183   185   172   177   184   178   171

   183   112   114   185   190   113   191   184
   131   146   148   129   139   147   140   130

   146   159   161   148   152   160   153   147

   159   172   174   161   165   173   166   160

   172   185   187   174   178   186   179   173

   185   114   116   187   191   115   192   186

   129   148   126   118   140   149   127   128

   148   161   124   126   153   162   125   149

   161   174   122   124   166   175   123   162

   174   187   120   122   179   188   121   175

   187   116   108   120   192   117   119   188

    97   194   296   100   193   295   291    99

   194   196   309   296   195   308   304   295

   196   198   322   309   197   321   317   308

   198   200   335   322   199   334   330   321

   200   202   348   335   201   347   343   334

   202   204   361   348   203   360   356   347

   204   206   374   361   205   373   369   360

   206   208   387   374   207   386   382   373

   208   210   400   387   209   399   395   386

   210   212   413   400   211   412   408   399
   212   214   426   413   213   425   421   412

   214   216   439   426   215   438   434   425

   216   218   452   439   217   451   447   438

   218   220   465   452   219   464   460   451

   220   222   478   465   221   477   473   464

   222   224   491   478   223   490   486   477

   224   226   504   491   225   503   499   490

   226   228   517   504   227   516   512   503

   228   230   530   517   229   529   525   516

   230   232   543   530   231   542   538   529

   232   234   556   543   233   555   551   542

   234   236   569   556   235   568   564   555

   236   238   582   569   237   581   577   568

   238   240   595   582   239   594   590   581

   240     2    33   595   241    32   603   594

   100   296   298   102   291   297   292   101

   296   309   311   298   304   310   305   297

   309   322   324   311   317   323   318   310

   322   335   337   324   330   336   331   323

   335   348   350   337   343   349   344   336
   348   361   363   350   356   362   357   349

   361   374   376   363   369   375   370   362

   374   387   389   376   382   388   383   375

   387   400   402   389   395   401   396   388

   400   413   415   402   408   414   409   401

   413   426   428   415   421   427   422   414

   426   439   441   428   434   440   435   427

   439   452   454   441   447   453   448   440

   452   465   467   454   460   466   461   453

   465   478   480   467   473   479   474   466

   478   491   493   480   486   492   487   479

   491   504   506   493   499   505   500   492

   504   517   519   506   512   518   513   505

   517   530   532   519   525   531   526   518

   530   543   545   532   538   544   539   531

   543   556   558   545   551   557   552   544

   556   569   571   558   564   570   565   557

   569   582   584   571   577   583   578   570

   582   595   597   584   590   596   591   583

   595    33    35   597   603    34   604   596
   102   298   300   104   292   299   293   103

   298   311   313   300   305   312   306   299

   311   324   326   313   318   325   319   312

   324   337   339   326   331   338   332   325

   337   350   352   339   344   351   345   338

   350   363   365   352   357   364   358   351

   363   376   378   365   370   377   371   364

   376   389   391   378   383   390   384   377

   389   402   404   391   396   403   397   390

   402   415   417   404   409   416   410   403

   415   428   430   417   422   429   423   416

   428   441   443   430   435   442   436   429

   441   454   456   443   448   455   449   442

   454   467   469   456   461   468   462   455

   467   480   482   469   474   481   475   468

   480   493   495   482   487   494   488   481

   493   506   508   495   500   507   501   494

   506   519   521   508   513   520   514   507

   519   532   534   521   526   533   527   520

   532   545   547   534   539   546   540   533
   545   558   560   547   552   559   553   546

   558   571   573   560   565   572   566   559

   571   584   586   573   578   585   579   572

   584   597   599   586   591   598   592   585

   597    35    37   599   604    36   605   598

   104   300   302   106   293   301   294   105

   300   313   315   302   306   314   307   301

   313   326   328   315   319   327   320   314

   326   339   341   328   332   340   333   327

   339   352   354   341   345   353   346   340

   352   365   367   354   358   366   359   353

   365   378   380   367   371   379   372   366

   378   391   393   380   384   392   385   379

   391   404   406   393   397   405   398   392

   404   417   419   406   410   418   411   405

   417   430   432   419   423   431   424   418

   430   443   445   432   436   444   437   431

   443   456   458   445   449   457   450   444

   456   469   471   458   462   470   463   457

   469   482   484   471   475   483   476   470
   482   495   497   484   488   496   489   483

   495   508   510   497   501   509   502   496

   508   521   523   510   514   522   515   509

   521   534   536   523   527   535   528   522

   534   547   549   536   540   548   541   535

   547   560   562   549   553   561   554   548

   560   573   575   562   566   574   567   561

   573   586   588   575   579   587   580   574

   586   599   601   588   592   600   593   587

   599    37    39   601   605    38   606   600

   106   302   289    98   294   303   290   107

   302   315   287   289   307   316   288   303

   315   328   285   287   320   329   286   316

   328   341   283   285   333   342   284   329

   341   354   281   283   346   355   282   342

   354   367   279   281   359   368   280   355

   367   380   277   279   372   381   278   368

   380   393   275   277   385   394   276   381

   393   406   273   275   398   407   274   394

   406   419   271   273   411   420   272   407
   419   432   269   271   424   433   270   420

   432   445   267   269   437   446   268   433

   445   458   265   267   450   459   266   446

   458   471   263   265   463   472   264   459

   471   484   261   263   476   485   262   472

   484   497   259   261   489   498   260   485

   497   510   257   259   502   511   258   498

   510   523   255   257   515   524   256   511

   523   536   253   255   528   537   254   524

   536   549   251   253   541   550   252   537

   549   562   249   251   554   563   250   550

   562   575   247   249   567   576   248   563

   575   588   245   247   580   589   246   576

   588   601   243   245   593   602   244   589

   601    39    22   243   606    40   242   602

   118   126   730   657   127   729   705   656

   126   124   803   730   125   802   778   729

   124   122   876   803   123   875   851   802

   122   120   949   876   121   948   924   875

   120   108   654   949   119   655   997   948
   657   730   732   659   705   731   706   658

   730   803   805   732   778   804   779   731

   803   876   878   805   851   877   852   804

   876   949   951   878   924   950   925   877

   949   654   652   951   997   653   998   950

   659   732   734   661   706   733   707   660

   732   805   807   734   779   806   780   733

   805   878   880   807   852   879   853   806

   878   951   953   880   925   952   926   879

   951   652   650   953   998   651   999   952

   661   734   736   663   707   735   708   662

   734   807   809   736   780   808   781   735

   807   880   882   809   853   881   854   808

   880   953   955   882   926   954   927   881

   953   650   648   955   999   649  1000   954

   663   736   738   665   708   737   709   664

   736   809   811   738   781   810   782   737

   809   882   884   811   854   883   855   810

   882   955   957   884   927   956   928   883

   955   648   646   957  1000   647  1001   956
   665   738   740   667   709   739   710   666

   738   811   813   740   782   812   783   739

   811   884   886   813   855   885   856   812

   884   957   959   886   928   958   929   885

   957   646   644   959  1001   645  1002   958

   667   740   742   669   710   741   711   668

   740   813   815   742   783   814   784   741

   813   886   888   815   856   887   857   814

   886   959   961   888   929   960   930   887

   959   644   642   961  1002   643  1003   960

   669   742   744   671   711   743   712   670

   742   815   817   744   784   816   785   743

   815   888   890   817   857   889   858   816

   888   961   963   890   930   962   931   889

   961   642   640   963  1003   641  1004   962

   671   744   746   673   712   745   713   672

   744   817   819   746   785   818   786   745

   817   890   892   819   858   891   859   818

   890   963   965   892   931   964   932   891

   963   640   638   965  1004   639  1005   964
   673   746   748   675   713   747   714   674

   746   819   821   748   786   820   787   747

   819   892   894   821   859   893   860   820

   892   965   967   894   932   966   933   893

   965   638   636   967  1005   637  1006   966

   675   748   750   677   714   749   715   676

   748   821   823   750   787   822   788   749

   821   894   896   823   860   895   861   822

   894   967   969   896   933   968   934   895

   967   636   634   969  1006   635  1007   968

   677   750   752   679   715   751   716   678

   750   823   825   752   788   824   789   751

   823   896   898   825   861   897   862   824

   896   969   971   898   934   970   935   897

   969   634   632   971  1007   633  1008   970

   679   752   754   681   716   753   717   680

   752   825   827   754   789   826   790   753

   825   898   900   827   862   899   863   826

   898   971   973   900   935   972   936   899

   971   632   630   973  1008   631  1009   972
   681   754   756   683   717   755   718   682

   754   827   829   756   790   828   791   755

   827   900   902   829   863   901   864   828

   900   973   975   902   936   974   937   901

   973   630   628   975  1009   629  1010   974

   683   756   758   685   718   757   719   684

   756   829   831   758   791   830   792   757

   829   902   904   831   864   903   865   830

   902   975   977   904   937   976   938   903

   975   628   626   977  1010   627  1011   976

   685   758   760   687   719   759   720   686

   758   831   833   760   792   832   793   759

   831   904   906   833   865   905   866   832

   904   977   979   906   938   978   939   905

   977   626   624   979  1011   625  1012   978

   687   760   762   689   720   761   721   688

   760   833   835   762   793   834   794   761

   833   906   908   835   866   907   867   834

   906   979   981   908   939   980   940   907

   979   624   622   981  1012   623  1013   980
   689   762   764   691   721   763   722   690

   762   835   837   764   794   836   795   763

   835   908   910   837   867   909   868   836

   908   981   983   910   940   982   941   909

   981   622   620   983  1013   621  1014   982

   691   764   766   693   722   765   723   692

   764   837   839   766   795   838   796   765

   837   910   912   839   868   911   869   838

   910   983   985   912   941   984   942   911

   983   620   618   985  1014   619  1015   984

   693   766   768   695   723   767   724   694

   766   839   841   768   796   840   797   767

   839   912   914   841   869   913   870   840

   912   985   987   914   942   986   943   913

   985   618   616   987  1015   617  1016   986

   695   768   770   697   724   769   725   696

   768   841   843   770   797   842   798   769

   841   914   916   843   870   915   871   842

   914   987   989   916   943   988   944   915

   987   616   614   989  1016   615  1017   988
   697   770   772   699   725   771   726   698

   770   843   845   772   798   844   799   771

   843   916   918   845   871   917   872   844

   916   989   991   918   944   990   945   917

   989   614   612   991  1017   613  1018   990

   699   772   774   701   726   773   727   700

   772   845   847   774   799   846   800   773

   845   918   920   847   872   919   873   846

   918   991   993   920   945   992   946   919

   991   612   610   993  1018   611  1019   992

   701   774   776   703   727   775   728   702

   774   847   849   776   800   848   801   775

   847   920   922   849   873   921   874   848

   920   993   995   922   946   994   947   921

   993   610   608   995  1019   609  1020   994

   703   776    20     1   728   777    21   704

   776   849    18    20   801   850    19   777

   849   922    16    18   874   923    17   850

   922   995    14    16   947   996    15   923

   995   608    12    14  1020   607    13   996
    97   135  1046   194   136  1045  1021   193

   135   133  1119  1046   134  1118  1094  1045

   133   131  1192  1119   132  1191  1167  1118

   131   129  1265  1192   130  1264  1240  1191

   129   118   657  1265   128   656  1313  1264

   194  1046  1048   196  1021  1047  1022   195

  1046  1119  1121  1048  1094  1120  1095  1047

  1119  1192  1194  1121  1167  1193  1168  1120

  1192  1265  1267  1194  1240  1266  1241  1193

  1265   657   659  1267  1313   658  1314  1266

   196  1048  1050   198  1022  1049  1023   197

  1048  1121  1123  1050  1095  1122  1096  1049

  1121  1194  1196  1123  1168  1195  1169  1122

  1194  1267  1269  1196  1241  1268  1242  1195

  1267   659   661  1269  1314   660  1315  1268

   198  1050  1052   200  1023  1051  1024   199

  1050  1123  1125  1052  1096  1124  1097  1051

  1123  1196  1198  1125  1169  1197  1170  1124

  1196  1269  1271  1198  1242  1270  1243  1197

  1269   661   663  1271  1315   662  1316  1270
   200  1052  1054   202  1024  1053  1025   201

  1052  1125  1127  1054  1097  1126  1098  1053

  1125  1198  1200  1127  1170  1199  1171  1126

  1198  1271  1273  1200  1243  1272  1244  1199

  1271   663   665  1273  1316   664  1317  1272

   202  1054  1056   204  1025  1055  1026   203

  1054  1127  1129  1056  1098  1128  1099  1055

  1127  1200  1202  1129  1171  1201  1172  1128

  1200  1273  1275  1202  1244  1274  1245  1201

  1273   665   667  1275  1317   666  1318  1274

   204  1056  1058   206  1026  1057  1027   205

  1056  1129  1131  1058  1099  1130  1100  1057

  1129  1202  1204  1131  1172  1203  1173  1130

  1202  1275  1277  1204  1245  1276  1246  1203

  1275   667   669  1277  1318   668  1319  1276

   206  1058  1060   208  1027  1059  1028   207

  1058  1131  1133  1060  1100  1132  1101  1059

  1131  1204  1206  1133  1173  1205  1174  1132

  1204  1277  1279  1206  1246  1278  1247  1205

  1277   669   671  1279  1319   670  1320  1278
   208  1060  1062   210  1028  1061  1029   209

  1060  1133  1135  1062  1101  1134  1102  1061

  1133  1206  1208  1135  1174  1207  1175  1134

  1206  1279  1281  1208  1247  1280  1248  1207

  1279   671   673  1281  1320   672  1321  1280

   210  1062  1064   212  1029  1063  1030   211

  1062  1135  1137  1064  1102  1136  1103  1063

  1135  1208  1210  1137  1175  1209  1176  1136

  1208  1281  1283  1210  1248  1282  1249  1209

  1281   673   675  1283  1321   674  1322  1282

   212  1064  1066   214  1030  1065  1031   213

  1064  1137  1139  1066  1103  1138  1104  1065

  1137  1210  1212  1139  1176  1211  1177  1138

  1210  1283  1285  1212  1249  1284  1250  1211

  1283   675   677  1285  1322   676  1323  1284

   214  1066  1068   216  1031  1067  1032   215

  1066  1139  1141  1068  1104  1140  1105  1067

  1139  1212  1214  1141  1177  1213  1178  1140

  1212  1285  1287  1214  1250  1286  1251  1213

  1285   677   679  1287  1323   678  1324  1286
   216  1068  1070   218  1032  1069  1033   217

  1068  1141  1143  1070  1105  1142  1106  1069

  1141  1214  1216  1143  1178  1215  1179  1142

  1214  1287  1289  1216  1251  1288  1252  1215

  1287   679   681  1289  1324   680  1325  1288

   218  1070  1072   220  1033  1071  1034   219

  1070  1143  1145  1072  1106  1144  1107  1071

  1143  1216  1218  1145  1179  1217  1180  1144

  1216  1289  1291  1218  1252  1290  1253  1217

  1289   681   683  1291  1325   682  1326  1290

   220  1072  1074   222  1034  1073  1035   221

  1072  1145  1147  1074  1107  1146  1108  1073

  1145  1218  1220  1147  1180  1219  1181  1146

  1218  1291  1293  1220  1253  1292  1254  1219

  1291   683   685  1293  1326   684  1327  1292

   222  1074  1076   224  1035  1075  1036   223

  1074  1147  1149  1076  1108  1148  1109  1075

  1147  1220  1222  1149  1181  1221  1182  1148

  1220  1293  1295  1222  1254  1294  1255  1221

  1293   685   687  1295  1327   686  1328  1294
   224  1076  1078   226  1036  1077  1037   225

  1076  1149  1151  1078  1109  1150  1110  1077

  1149  1222  1224  1151  1182  1223  1183  1150

  1222  1295  1297  1224  1255  1296  1256  1223

  1295   687   689  1297  1328   688  1329  1296

   226  1078  1080   228  1037  1079  1038   227

  1078  1151  1153  1080  1110  1152  1111  1079

  1151  1224  1226  1153  1183  1225  1184  1152

  1224  1297  1299  1226  1256  1298  1257  1225

  1297   689   691  1299  1329   690  1330  1298

   228  1080  1082   230  1038  1081  1039   229

  1080  1153  1155  1082  1111  1154  1112  1081

  1153  1226  1228  1155  1184  1227  1185  1154

  1226  1299  1301  1228  1257  1300  1258  1227

  1299   691   693  1301  1330   692  1331  1300

   230  1082  1084   232  1039  1083  1040   231

  1082  1155  1157  1084  1112  1156  1113  1083

  1155  1228  1230  1157  1185  1229  1186  1156

  1228  1301  1303  1230  1258  1302  1259  1229

  1301   693   695  1303  1331   694  1332  1302
   232  1084  1086   234  1040  1085  1041   233

  1084  1157  1159  1086  1113  1158  1114  1085

  1157  1230  1232  1159  1186  1231  1187  1158

  1230  1303  1305  1232  1259  1304  1260  1231

  1303   695   697  1305  1332   696  1333  1304

   234  1086  1088   236  1041  1087  1042   235

  1086  1159  1161  1088  1114  1160  1115  1087

  1159  1232  1234  1161  1187  1233  1188  1160

  1232  1305  1307  1234  1260  1306  1261  1233

  1305   697   699  1307  1333   698  1334  1306

   236  1088  1090   238  1042  1089  1043   237

  1088  1161  1163  1090  1115  1162  1116  1089

  1161  1234  1236  1163  1188  1235  1189  1162

  1234  1307  1309  1236  1261  1308  1262  1235

  1307   699   701  1309  1334   700  1335  1308

   238  1090  1092   240  1043  1091  1044   239

  1090  1163  1165  1092  1116  1164  1117  1091

  1163  1236  1238  1165  1189  1237  1190  1164

  1236  1309  1311  1238  1262  1310  1263  1237

  1309   701   703  1311  1335   702  1336  1310
   240  1092    10     2  1044  1093    11   241

  1092  1165     8    10  1117  1166     9  1093

  1165  1238     6     8  1190  1239     7  1166

  1238  1311     4     6  1263  1312     5  1239

  1311   703     1     4  1336   704     3  1312

    98   289  1342   110   290  1341  1337   109

   289   287  1355  1342   288  1354  1350  1341

   287   285  1368  1355   286  1367  1363  1354

   285   283  1381  1368   284  1380  1376  1367

   283   281  1394  1381   282  1393  1389  1380

   281   279  1407  1394   280  1406  1402  1393

   279   277  1420  1407   278  1419  1415  1406

   277   275  1433  1420   276  1432  1428  1419

   275   273  1446  1433   274  1445  1441  1432

   273   271  1459  1446   272  1458  1454  1445

   271   269  1472  1459   270  1471  1467  1458

   269   267  1485  1472   268  1484  1480  1471

   267   265  1498  1485   266  1497  1493  1484

   265   263  1511  1498   264  1510  1506  1497

   263   261  1524  1511   262  1523  1519  1510
   261   259  1537  1524   260  1536  1532  1523

   259   257  1550  1537   258  1549  1545  1536

   257   255  1563  1550   256  1562  1558  1549

   255   253  1576  1563   254  1575  1571  1562

   253   251  1589  1576   252  1588  1584  1575

   251   249  1602  1589   250  1601  1597  1588

   249   247  1615  1602   248  1614  1610  1601

   247   245  1628  1615   246  1627  1623  1614

   245   243  1641  1628   244  1640  1636  1627

   243    22    24  1641   242    23  1649  1640

   110  1342  1344   112  1337  1343  1338   111

  1342  1355  1357  1344  1350  1356  1351  1343

  1355  1368  1370  1357  1363  1369  1364  1356

  1368  1381  1383  1370  1376  1382  1377  1369

  1381  1394  1396  1383  1389  1395  1390  1382

  1394  1407  1409  1396  1402  1408  1403  1395

  1407  1420  1422  1409  1415  1421  1416  1408

  1420  1433  1435  1422  1428  1434  1429  1421

  1433  1446  1448  1435  1441  1447  1442  1434

  1446  1459  1461  1448  1454  1460  1455  1447
  1459  1472  1474  1461  1467  1473  1468  1460

  1472  1485  1487  1474  1480  1486  1481  1473

  1485  1498  1500  1487  1493  1499  1494  1486

  1498  1511  1513  1500  1506  1512  1507  1499

  1511  1524  1526  1513  1519  1525  1520  1512

  1524  1537  1539  1526  1532  1538  1533  1525

  1537  1550  1552  1539  1545  1551  1546  1538

  1550  1563  1565  1552  1558  1564  1559  1551

  1563  1576  1578  1565  1571  1577  1572  1564

  1576  1589  1591  1578  1584  1590  1585  1577

  1589  1602  1604  1591  1597  1603  1598  1590

  1602  1615  1617  1604  1610  1616  1611  1603

  1615  1628  1630  1617  1623  1629  1624  1616

  1628  1641  1643  1630  1636  1642  1637  1629

  1641    24    26  1643  1649    25  1650  1642

   112  1344  1346   114  1338  1345  1339   113

  1344  1357  1359  1346  1351  1358  1352  1345

  1357  1370  1372  1359  1364  1371  1365  1358

  1370  1383  1385  1372  1377  1384  1378  1371

  1383  1396  1398  1385  1390  1397  1391  1384
  1396  1409  1411  1398  1403  1410  1404  1397

  1409  1422  1424  1411  1416  1423  1417  1410

  1422  1435  1437  1424  1429  1436  1430  1423

  1435  1448  1450  1437  1442  1449  1443  1436

  1448  1461  1463  1450  1455  1462  1456  1449

  1461  1474  1476  1463  1468  1475  1469  1462

  1474  1487  1489  1476  1481  1488  1482  1475

  1487  1500  1502  1489  1494  1501  1495  1488

  1500  1513  1515  1502  1507  1514  1508  1501

  1513  1526  1528  1515  1520  1527  1521  1514

  1526  1539  1541  1528  1533  1540  1534  1527

  1539  1552  1554  1541  1546  1553  1547  1540

  1552  1565  1567  1554  1559  1566  1560  1553

  1565  1578  1580  1567  1572  1579  1573  1566

  1578  1591  1593  1580  1585  1592  1586  1579

  1591  1604  1606  1593  1598  1605  1599  1592

  1604  1617  1619  1606  1611  1618  1612  1605

  1617  1630  1632  1619  1624  1631  1625  1618

  1630  1643  1645  1632  1637  1644  1638  1631

  1643    26    28  1645  1650    27  1651  1644
   114  1346  1348   116  1339  1347  1340   115

  1346  1359  1361  1348  1352  1360  1353  1347

  1359  1372  1374  1361  1365  1373  1366  1360

  1372  1385  1387  1374  1378  1386  1379  1373

  1385  1398  1400  1387  1391  1399  1392  1386

  1398  1411  1413  1400  1404  1412  1405  1399

  1411  1424  1426  1413  1417  1425  1418  1412

  1424  1437  1439  1426  1430  1438  1431  1425

  1437  1450  1452  1439  1443  1451  1444  1438

  1450  1463  1465  1452  1456  1464  1457  1451

  1463  1476  1478  1465  1469  1477  1470  1464

  1476  1489  1491  1478  1482  1490  1483  1477

  1489  1502  1504  1491  1495  1503  1496  1490

  1502  1515  1517  1504  1508  1516  1509  1503

  1515  1528  1530  1517  1521  1529  1522  1516

  1528  1541  1543  1530  1534  1542  1535  1529

  1541  1554  1556  1543  1547  1555  1548  1542

  1554  1567  1569  1556  1560  1568  1561  1555

  1567  1580  1582  1569  1573  1581  1574  1568

  1580  1593  1595  1582  1586  1594  1587  1581

  1593  1606  1608  1595  1599  1607  1600  1594

  1606  1619  1621  1608  1612  1620  1613  1607

  1619  1632  1634  1621  1625  1633  1626  1620

  1632  1645  1647  1634  1638  1646  1639  1633

  1645    28    30  1647  1651    29  1652  1646

   116  1348   654   108  1340  1349   655   117

  1348  1361   652   654  1353  1362   653  1349

  1361  1374   650   652  1366  1375   651  1362

  1374  1387   648   650  1379  1388   649  1375

  1387  1400   646   648  1392  1401   647  1388

  1400  1413   644   646  1405  1414   645  1401

  1413  1426   642   644  1418  1427   643  1414

  1426  1439   640   642  1431  1440   641  1427

  1439  1452   638   640  1444  1453   639  1440

  1452  1465   636   638  1457  1466   637  1453

  1465  1478   634   636  1470  1479   635  1466

  1478  1491   632   634  1483  1492   633  1479

  1491  1504   630   632  1496  1505   631  1492

  1504  1517   628   630  1509  1518   629  1505

  1517  1530   626   628  1522  1531   627  1518
  1530  1543   624   626  1535  1544   625  1531

  1543  1556   622   624  1548  1557   623  1544

  1556  1569   620   622  1561  1570   621  1557

  1569  1582   618   620  1574  1583   619  1570

  1582  1595   616   618  1587  1596   617  1583

  1595  1608   614   616  1600  1609   615  1596

  1608  1621   612   614  1613  1622   613  1609

  1621  1634   610   612  1626  1635   611  1622

  1634  1647   608   610  1639  1648   609  1635

  1647    30    12   608  1652    31   607  1648


UBC_num=288;
UBC_dof=
   1   2   3   4   5   6   7   8   9  10
  11  12  13  14  15  16  17  18  19  20
  21  22  23  24  25  26  27  28  29  30
  31  32  33  34  35  36  37  38  39  40
  41  42  43  44  45  46  47  48  49  50
  51  52  53  54  55  56  57  58  59  60
  61  62  63  64  65  66  67  68  69  70
  71  72  73  74  75  76  77  78  79  80
  81  82  83  84  85  86  87  88  89  90
  91  92  93  94  95  96  97  98  99 100
 101 102 103 104 105 106 107 108 109 110
 111 112 113 114 115 116 117 118 119 120
 121 122 123 124 125 126 127 128 129 130
 131 132 133 134 135 136 137 138 139 140
 141 142 143 144 145 146 147 148 149 150
 151 152 153 154 155 156 157 158 159 160
 161 162 163 164 165 166 167 168 169 170
 171 172 173 174 175 176 177 178 179 180
 181 182 183 184 185 186 187 188 189 190
 191 192 193 194 195 196 197 198 199 200
 201 202 203 204 205 206 207 208 209 210
 211 212 213 214 215 216 217 218 219 220
 221 222 223 224 225 226 227 228 229 230
 231 232 233 234 235 236 237 238 239 240
 241 242 243 244 245 246 247 248 249 250
 251 252 253 254 255 256 257 258 259 260
 261 262 263 264 265 266 267 268 269 270
 271 272 273 274 275 276 277 278 279 280
 281 282 283 284 285 286 287 288
UBC_values=
	0,0,0,0,0,0,0,0,0,0
	0,0,0,0,0,0,0,0,0,0
	0,0,0,0,0,0,0,0,0,0
	0,0,0,0,0,0,0,0,0,0
	0,0,0,0,0,0,0,0,0,0
	0,0,0,0,0,0,0,0,0,0
	0,0,0,0,0,0,0,0,0,0
	0,0,0,0,0,0,0,0,0,0
	0,0,0,0,0,0,0,0,0,0
	0,0,0,0,0,0,0,0,0,0
	0,0,0,0,0,0,0,0,0,0
	0,0,0,0,0,0,0,0,0,0
	0,0,0,0,0,0,0,0,0,0
	0,0,0,0,0,0,0,0,0,0
	0,0,0,0,0,0,0,0,0,0
	0,0,0,0,0,0,0,0,0,0
	0,0,0,0,0,0,0,0,0,0
	0,0,0,0,0,0,0,0,0,0
	0,0,0,0,0,0,0,0,0,0
	0,0,0,0,0,0,0,0,0,0
	0,0,0,0,0,0,0,0,0,0
	0,0,0,0,0,0,0,0,0,0
	0,0,0,0,0,0,0,0,0,0
	0,0,0,0,0,0,0,0,0,0
	0,0,0,0,0,0,0,0,0,0
	0,0,0,0,0,0,0,0,0,0
	0,0,0,0,0,0,0,0,0,0
	0,0,0,0,0,0,0,0,0,0
	0,0,0,0,0,0,0,0

FBC_num=96;
FBC_dof=
	                 291 294 297 300
 303 306 309 312 315 318 321 324 327 330
 333 336 339 342 345 348 351 354 357 360
 363 366 369 372 375 378 381 384 387 390
 393 396 399 402 405 408 411 414 417 420
 423 426 429 432 435 438 441 444 447 450
 453 456 459 462 465 468 471 474 477 480
 483 486 489 492 495 498 501 504 507 510
 513 516 519 522 525 528 531 534 537 540
 543 546 549 552 555 558 561 564 567 570
 573 576
FBC_values=
	1,1,1,1,1,1,1,1,1,1
	1,1,1,1,1,1,1,1,1,1
	1,1,1,1,1,1,1,1,1,1
	1,1,1,1,1,1,1,1,1,1
	1,1,1,1,1,1,1,1,1,1
	1,1,1,1,1,1,1,1,1,1
	1,1,1,1,1,1,1,1,1,1
	1,1,1,1,1,1,1,1,1,1
	1,1,1,1,1,1,1,1,1,1
	1,1,1,1,1,1

