numstep=1000;
dt=2e-4;
interpolation=4;
nq=6;

E=1e6;
nu=0;
density=1;

sd=3;
nnd=552;
EType=1;
nel=550;

nodes=
  0.0000      1.0000      0.0000  
  0.0000      0.0000      0.0000  
  0.0000     0.80000      0.0000  
  0.0000     0.60000      0.0000  
  0.0000     0.40000      0.0000  
  0.0000     0.20000      0.0000  
  1.0000      1.0000      0.0000  
 0.80000      1.0000      0.0000  
 0.60000      1.0000      0.0000  
 0.40000      1.0000      0.0000  
 0.20000      1.0000      0.0000  
  1.0000      0.0000      0.0000  
  1.0000     0.20000      0.0000  
  1.0000     0.40000      0.0000  
  1.0000     0.60000      0.0000  
  1.0000     0.80000      0.0000  
 0.20000      0.0000      0.0000  
 0.40000      0.0000      0.0000  
 0.60000      0.0000      0.0000  
 0.80000      0.0000      0.0000                                                                    
 0.20000     0.20000      0.0000  
 0.40000     0.20000      0.0000  
 0.60000     0.20000      0.0000  
 0.80000     0.20000      0.0000  
 0.20000     0.40000      0.0000  
 0.40000     0.40000      0.0000  
 0.60000     0.40000      0.0000  
 0.80000     0.40000      0.0000  
 0.20000     0.60000      0.0000  
 0.40000     0.60000      0.0000  
 0.60000     0.60000      0.0000  
 0.80000     0.60000      0.0000  
 0.20000     0.80000      0.0000  
 0.40000     0.80000      0.0000  
 0.60000     0.80000      0.0000  
 0.80000     0.80000      0.0000  
  0.0000      0.0000      5.0000  
  1.0000      0.0000      5.0000  
 0.20000      0.0000      5.0000  
 0.40000      0.0000      5.0000                                                                  
 0.60000      0.0000      5.0000  
 0.80000      0.0000      5.0000  
  1.0000      1.0000      5.0000  
  1.0000     0.20000      5.0000  
  1.0000     0.40000      5.0000  
  1.0000     0.60000      5.0000  
  1.0000     0.80000      5.0000  
  0.0000      1.0000      5.0000  
 0.80000      1.0000      5.0000  
 0.60000      1.0000      5.0000  
 0.40000      1.0000      5.0000  
 0.20000      1.0000      5.0000  
  0.0000     0.80000      5.0000  
  0.0000     0.60000      5.0000  
  0.0000     0.40000      5.0000  
  0.0000     0.20000      5.0000  
 0.20000     0.20000      5.0000  
 0.20000     0.40000      5.0000  
 0.20000     0.60000      5.0000  
 0.20000     0.80000      5.0000                                                                      
 0.40000     0.20000      5.0000  
 0.40000     0.40000      5.0000  
 0.40000     0.60000      5.0000  
 0.40000     0.80000      5.0000  
 0.60000     0.20000      5.0000  
 0.60000     0.40000      5.0000  
 0.60000     0.60000      5.0000  
 0.60000     0.80000      5.0000  
 0.80000     0.20000      5.0000  
 0.80000     0.40000      5.0000  
 0.80000     0.60000      5.0000  
 0.80000     0.80000      5.0000  
  0.0000      0.0000      4.8000  
  0.0000      0.0000      4.6000  
  0.0000      0.0000      4.4000  
  0.0000      0.0000      4.2000  
  0.0000      0.0000      4.0000  
  0.0000      0.0000      3.8000  
  0.0000      0.0000      3.6000  
  0.0000      0.0000      3.4000                                                                 
  0.0000      0.0000      3.2000  
  0.0000      0.0000      3.0000  
  0.0000      0.0000      2.8000  
  0.0000      0.0000      2.6000  
  0.0000      0.0000      2.4000  
  0.0000      0.0000      2.2000  
  0.0000      0.0000      2.0000  
  0.0000      0.0000      1.8000  
  0.0000      0.0000      1.6000  
  0.0000      0.0000      1.4000  
  0.0000      0.0000      1.2000  
  0.0000      0.0000      1.0000  
  0.0000      0.0000     0.80000  
  0.0000      0.0000     0.60000  
  0.0000      0.0000     0.40000  
  0.0000      0.0000     0.20000  
  1.0000      0.0000     0.20000  
  1.0000      0.0000     0.40000  
  1.0000      0.0000     0.60000  
  1.0000      0.0000     0.80000                                                                        
  1.0000      0.0000      1.0000  
  1.0000      0.0000      1.2000  
  1.0000      0.0000      1.4000  
  1.0000      0.0000      1.6000  
  1.0000      0.0000      1.8000  
  1.0000      0.0000      2.0000  
  1.0000      0.0000      2.2000  
  1.0000      0.0000      2.4000  
  1.0000      0.0000      2.6000  
  1.0000      0.0000      2.8000  
  1.0000      0.0000      3.0000  
  1.0000      0.0000      3.2000  
  1.0000      0.0000      3.4000  
  1.0000      0.0000      3.6000  
  1.0000      0.0000      3.8000  
  1.0000      0.0000      4.0000  
  1.0000      0.0000      4.2000  
  1.0000      0.0000      4.4000  
  1.0000      0.0000      4.6000  
  1.0000      0.0000      4.8000                                                                   
 0.20000      0.0000      4.8000  
 0.40000      0.0000      4.8000  
 0.60000      0.0000      4.8000  
 0.80000      0.0000      4.8000  
 0.20000      0.0000      4.6000  
 0.40000      0.0000      4.6000  
 0.60000      0.0000      4.6000  
 0.80000      0.0000      4.6000  
 0.20000      0.0000      4.4000  
 0.40000      0.0000      4.4000  
 0.60000      0.0000      4.4000  
 0.80000      0.0000      4.4000  
 0.20000      0.0000      4.2000  
 0.40000      0.0000      4.2000  
 0.60000      0.0000      4.2000  
 0.80000      0.0000      4.2000  
 0.20000      0.0000      4.0000  
 0.40000      0.0000      4.0000  
 0.60000      0.0000      4.0000  
 0.80000      0.0000      4.0000                                                                        
 0.20000      0.0000      3.8000  
 0.40000      0.0000      3.8000  
 0.60000      0.0000      3.8000  
 0.80000      0.0000      3.8000  
 0.20000      0.0000      3.6000  
 0.40000      0.0000      3.6000  
 0.60000      0.0000      3.6000  
 0.80000      0.0000      3.6000  
 0.20000      0.0000      3.4000  
 0.40000      0.0000      3.4000  
 0.60000      0.0000      3.4000  
 0.80000      0.0000      3.4000  
 0.20000      0.0000      3.2000  
 0.40000      0.0000      3.2000  
 0.60000      0.0000      3.2000  
 0.80000      0.0000      3.2000  
 0.20000      0.0000      3.0000  
 0.40000      0.0000      3.0000  
 0.60000      0.0000      3.0000  
 0.80000      0.0000      3.0000                                                                          
 0.20000      0.0000      2.8000  
 0.40000      0.0000      2.8000  
 0.60000      0.0000      2.8000  
 0.80000      0.0000      2.8000  
 0.20000      0.0000      2.6000  
 0.40000      0.0000      2.6000  
 0.60000      0.0000      2.6000  
 0.80000      0.0000      2.6000  
 0.20000      0.0000      2.4000  
 0.40000      0.0000      2.4000  
 0.60000      0.0000      2.4000  
 0.80000      0.0000      2.4000  
 0.20000      0.0000      2.2000  
 0.40000      0.0000      2.2000  
 0.60000      0.0000      2.2000  
 0.80000      0.0000      2.2000  
 0.20000      0.0000      2.0000  
 0.40000      0.0000      2.0000  
 0.60000      0.0000      2.0000  
 0.80000      0.0000      2.0000                                                                          
 0.20000      0.0000      1.8000  
 0.40000      0.0000      1.8000  
 0.60000      0.0000      1.8000  
 0.80000      0.0000      1.8000  
 0.20000      0.0000      1.6000  
 0.40000      0.0000      1.6000  
 0.60000      0.0000      1.6000  
 0.80000      0.0000      1.6000  
 0.20000      0.0000      1.4000  
 0.40000      0.0000      1.4000  
 0.60000      0.0000      1.4000  
 0.80000      0.0000      1.4000  
 0.20000      0.0000      1.2000  
 0.40000      0.0000      1.2000  
 0.60000      0.0000      1.2000  
 0.80000      0.0000      1.2000  
 0.20000      0.0000      1.0000  
 0.40000      0.0000      1.0000  
 0.60000      0.0000      1.0000  
 0.80000      0.0000      1.0000                                                                          
 0.20000      0.0000     0.80000  
 0.40000      0.0000     0.80000  
 0.60000      0.0000     0.80000  
 0.80000      0.0000     0.80000  
 0.20000      0.0000     0.60000  
 0.40000      0.0000     0.60000  
 0.60000      0.0000     0.60000  
 0.80000      0.0000     0.60000  
 0.20000      0.0000     0.40000  
 0.40000      0.0000     0.40000  
 0.60000      0.0000     0.40000  
 0.80000      0.0000     0.40000  
 0.20000      0.0000     0.20000  
 0.40000      0.0000     0.20000  
 0.60000      0.0000     0.20000  
 0.80000      0.0000     0.20000  
  1.0000      1.0000     0.20000  
  1.0000      1.0000     0.40000  
  1.0000      1.0000     0.60000  
  1.0000      1.0000     0.80000                                                                          
  1.0000      1.0000      1.0000  
  1.0000      1.0000      1.2000  
  1.0000      1.0000      1.4000  
  1.0000      1.0000      1.6000  
  1.0000      1.0000      1.8000  
  1.0000      1.0000      2.0000  
  1.0000      1.0000      2.2000  
  1.0000      1.0000      2.4000  
  1.0000      1.0000      2.6000  
  1.0000      1.0000      2.8000  
  1.0000      1.0000      3.0000  
  1.0000      1.0000      3.2000  
  1.0000      1.0000      3.4000  
  1.0000      1.0000      3.6000  
  1.0000      1.0000      3.8000  
  1.0000      1.0000      4.0000  
  1.0000      1.0000      4.2000  
  1.0000      1.0000      4.4000  
  1.0000      1.0000      4.6000  
  1.0000      1.0000      4.8000                                                                        
  0.0000      1.0000      4.8000  
  0.0000      1.0000      4.6000  
  0.0000      1.0000      4.4000  
  0.0000      1.0000      4.2000  
  0.0000      1.0000      4.0000  
  0.0000      1.0000      3.8000  
  0.0000      1.0000      3.6000  
  0.0000      1.0000      3.4000  
  0.0000      1.0000      3.2000  
  0.0000      1.0000      3.0000  
  0.0000      1.0000      2.8000  
  0.0000      1.0000      2.6000  
  0.0000      1.0000      2.4000  
  0.0000      1.0000      2.2000  
  0.0000      1.0000      2.0000  
  0.0000      1.0000      1.8000  
  0.0000      1.0000      1.6000  
  0.0000      1.0000      1.4000  
  0.0000      1.0000      1.2000  
  0.0000      1.0000      1.0000                                                                         
  0.0000      1.0000     0.80000  
  0.0000      1.0000     0.60000  
  0.0000      1.0000     0.40000  
  0.0000      1.0000     0.20000  
 0.20000      1.0000      4.8000  
 0.20000      1.0000      4.6000  
 0.20000      1.0000      4.4000  
 0.20000      1.0000      4.2000  
 0.20000      1.0000      4.0000  
 0.20000      1.0000      3.8000  
 0.20000      1.0000      3.6000  
 0.20000      1.0000      3.4000  
 0.20000      1.0000      3.2000  
 0.20000      1.0000      3.0000  
 0.20000      1.0000      2.8000  
 0.20000      1.0000      2.6000  
 0.20000      1.0000      2.4000  
 0.20000      1.0000      2.2000  
 0.20000      1.0000      2.0000  
 0.20000      1.0000      1.8000                                                                        
 0.20000      1.0000      1.6000  
 0.20000      1.0000      1.4000  
 0.20000      1.0000      1.2000  
 0.20000      1.0000      1.0000  
 0.20000      1.0000     0.80000  
 0.20000      1.0000     0.60000  
 0.20000      1.0000     0.40000  
 0.20000      1.0000     0.20000  
 0.40000      1.0000      4.8000  
 0.40000      1.0000      4.6000  
 0.40000      1.0000      4.4000  
 0.40000      1.0000      4.2000  
 0.40000      1.0000      4.0000  
 0.40000      1.0000      3.8000  
 0.40000      1.0000      3.6000  
 0.40000      1.0000      3.4000  
 0.40000      1.0000      3.2000  
 0.40000      1.0000      3.0000  
 0.40000      1.0000      2.8000  
 0.40000      1.0000      2.6000                                                                         
 0.40000      1.0000      2.4000  
 0.40000      1.0000      2.2000  
 0.40000      1.0000      2.0000  
 0.40000      1.0000      1.8000  
 0.40000      1.0000      1.6000  
 0.40000      1.0000      1.4000  
 0.40000      1.0000      1.2000  
 0.40000      1.0000      1.0000  
 0.40000      1.0000     0.80000  
 0.40000      1.0000     0.60000  
 0.40000      1.0000     0.40000  
 0.40000      1.0000     0.20000  
 0.60000      1.0000      4.8000  
 0.60000      1.0000      4.6000  
 0.60000      1.0000      4.4000  
 0.60000      1.0000      4.2000  
 0.60000      1.0000      4.0000  
 0.60000      1.0000      3.8000  
 0.60000      1.0000      3.6000  
 0.60000      1.0000      3.4000                                                                          
 0.60000      1.0000      3.2000  
 0.60000      1.0000      3.0000  
 0.60000      1.0000      2.8000  
 0.60000      1.0000      2.6000  
 0.60000      1.0000      2.4000  
 0.60000      1.0000      2.2000  
 0.60000      1.0000      2.0000  
 0.60000      1.0000      1.8000  
 0.60000      1.0000      1.6000  
 0.60000      1.0000      1.4000  
 0.60000      1.0000      1.2000  
 0.60000      1.0000      1.0000  
 0.60000      1.0000     0.80000  
 0.60000      1.0000     0.60000  
 0.60000      1.0000     0.40000  
 0.60000      1.0000     0.20000  
 0.80000      1.0000      4.8000  
 0.80000      1.0000      4.6000  
 0.80000      1.0000      4.4000  
 0.80000      1.0000      4.2000                                                                          
 0.80000      1.0000      4.0000  
 0.80000      1.0000      3.8000  
 0.80000      1.0000      3.6000  
 0.80000      1.0000      3.4000  
 0.80000      1.0000      3.2000  
 0.80000      1.0000      3.0000  
 0.80000      1.0000      2.8000  
 0.80000      1.0000      2.6000  
 0.80000      1.0000      2.4000  
 0.80000      1.0000      2.2000  
 0.80000      1.0000      2.0000  
 0.80000      1.0000      1.8000  
 0.80000      1.0000      1.6000  
 0.80000      1.0000      1.4000  
 0.80000      1.0000      1.2000  
 0.80000      1.0000      1.0000  
 0.80000      1.0000     0.80000  
 0.80000      1.0000     0.60000  
 0.80000      1.0000     0.40000  
 0.80000      1.0000     0.20000                                                                          
  0.0000     0.20000      4.8000  
  0.0000     0.20000      4.6000  
  0.0000     0.20000      4.4000  
  0.0000     0.20000      4.2000  
  0.0000     0.20000      4.0000  
  0.0000     0.20000      3.8000  
  0.0000     0.20000      3.6000  
  0.0000     0.20000      3.4000  
  0.0000     0.20000      3.2000  
  0.0000     0.20000      3.0000  
  0.0000     0.20000      2.8000  
  0.0000     0.20000      2.6000  
  0.0000     0.20000      2.4000  
  0.0000     0.20000      2.2000  
  0.0000     0.20000      2.0000  
  0.0000     0.20000      1.8000  
  0.0000     0.20000      1.6000  
  0.0000     0.20000      1.4000  
  0.0000     0.20000      1.2000  
  0.0000     0.20000      1.0000                                                                          
  0.0000     0.20000     0.80000  
  0.0000     0.20000     0.60000  
  0.0000     0.20000     0.40000  
  0.0000     0.20000     0.20000  
  0.0000     0.40000      4.8000  
  0.0000     0.40000      4.6000  
  0.0000     0.40000      4.4000  
  0.0000     0.40000      4.2000  
  0.0000     0.40000      4.0000  
  0.0000     0.40000      3.8000  
  0.0000     0.40000      3.6000  
  0.0000     0.40000      3.4000  
  0.0000     0.40000      3.2000  
  0.0000     0.40000      3.0000  
  0.0000     0.40000      2.8000  
  0.0000     0.40000      2.6000  
  0.0000     0.40000      2.4000  
  0.0000     0.40000      2.2000  
  0.0000     0.40000      2.0000  
  0.0000     0.40000      1.8000                                                                         
  0.0000     0.40000      1.6000  
  0.0000     0.40000      1.4000  
  0.0000     0.40000      1.2000  
  0.0000     0.40000      1.0000  
  0.0000     0.40000     0.80000  
  0.0000     0.40000     0.60000  
  0.0000     0.40000     0.40000  
  0.0000     0.40000     0.20000  
  0.0000     0.60000      4.8000  
  0.0000     0.60000      4.6000  
  0.0000     0.60000      4.4000  
  0.0000     0.60000      4.2000  
  0.0000     0.60000      4.0000  
  0.0000     0.60000      3.8000  
  0.0000     0.60000      3.6000  
  0.0000     0.60000      3.4000  
  0.0000     0.60000      3.2000  
  0.0000     0.60000      3.0000  
  0.0000     0.60000      2.8000  
  0.0000     0.60000      2.6000                                                                         
  0.0000     0.60000      2.4000  
  0.0000     0.60000      2.2000  
  0.0000     0.60000      2.0000  
  0.0000     0.60000      1.8000  
  0.0000     0.60000      1.6000  
  0.0000     0.60000      1.4000  
  0.0000     0.60000      1.2000  
  0.0000     0.60000      1.0000  
  0.0000     0.60000     0.80000  
  0.0000     0.60000     0.60000  
  0.0000     0.60000     0.40000  
  0.0000     0.60000     0.20000  
  0.0000     0.80000      4.8000  
  0.0000     0.80000      4.6000  
  0.0000     0.80000      4.4000  
  0.0000     0.80000      4.2000  
  0.0000     0.80000      4.0000  
  0.0000     0.80000      3.8000  
  0.0000     0.80000      3.6000  
  0.0000     0.80000      3.4000                                                                          
  0.0000     0.80000      3.2000  
  0.0000     0.80000      3.0000  
  0.0000     0.80000      2.8000  
  0.0000     0.80000      2.6000  
  0.0000     0.80000      2.4000  
  0.0000     0.80000      2.2000  
  0.0000     0.80000      2.0000  
  0.0000     0.80000      1.8000  
  0.0000     0.80000      1.6000  
  0.0000     0.80000      1.4000  
  0.0000     0.80000      1.2000  
  0.0000     0.80000      1.0000  
  0.0000     0.80000     0.80000  
  0.0000     0.80000     0.60000  
  0.0000     0.80000     0.40000  
  0.0000     0.80000     0.20000  
  1.0000     0.20000      4.8000  
  1.0000     0.40000      4.8000  
  1.0000     0.60000      4.8000  
  1.0000     0.80000      4.8000                                                                          
  1.0000     0.20000      4.6000  
  1.0000     0.40000      4.6000  
  1.0000     0.60000      4.6000  
  1.0000     0.80000      4.6000  
  1.0000     0.20000      4.4000  
  1.0000     0.40000      4.4000  
  1.0000     0.60000      4.4000  
  1.0000     0.80000      4.4000  
  1.0000     0.20000      4.2000  
  1.0000     0.40000      4.2000  
  1.0000     0.60000      4.2000  
  1.0000     0.80000      4.2000  
  1.0000     0.20000      4.0000  
  1.0000     0.40000      4.0000  
  1.0000     0.60000      4.0000  
  1.0000     0.80000      4.0000  
  1.0000     0.20000      3.8000  
  1.0000     0.40000      3.8000  
  1.0000     0.60000      3.8000  
  1.0000     0.80000      3.8000                                                                         
  1.0000     0.20000      3.6000  
  1.0000     0.40000      3.6000  
  1.0000     0.60000      3.6000  
  1.0000     0.80000      3.6000  
  1.0000     0.20000      3.4000  
  1.0000     0.40000      3.4000  
  1.0000     0.60000      3.4000  
  1.0000     0.80000      3.4000  
  1.0000     0.20000      3.2000  
  1.0000     0.40000      3.2000  
  1.0000     0.60000      3.2000  
  1.0000     0.80000      3.2000  
  1.0000     0.20000      3.0000  
  1.0000     0.40000      3.0000  
  1.0000     0.60000      3.0000  
  1.0000     0.80000      3.0000  
  1.0000     0.20000      2.8000  
  1.0000     0.40000      2.8000  
  1.0000     0.60000      2.8000  
  1.0000     0.80000      2.8000                                                                          
  1.0000     0.20000      2.6000  
  1.0000     0.40000      2.6000  
  1.0000     0.60000      2.6000  
  1.0000     0.80000      2.6000  
  1.0000     0.20000      2.4000  
  1.0000     0.40000      2.4000  
  1.0000     0.60000      2.4000  
  1.0000     0.80000      2.4000  
  1.0000     0.20000      2.2000  
  1.0000     0.40000      2.2000  
  1.0000     0.60000      2.2000  
  1.0000     0.80000      2.2000  
  1.0000     0.20000      2.0000  
  1.0000     0.40000      2.0000  
  1.0000     0.60000      2.0000  
  1.0000     0.80000      2.0000  
  1.0000     0.20000      1.8000  
  1.0000     0.40000      1.8000  
  1.0000     0.60000      1.8000  
  1.0000     0.80000      1.8000                                                                          
  1.0000     0.20000      1.6000  
  1.0000     0.40000      1.6000  
  1.0000     0.60000      1.6000  
  1.0000     0.80000      1.6000  
  1.0000     0.20000      1.4000  
  1.0000     0.40000      1.4000  
  1.0000     0.60000      1.4000  
  1.0000     0.80000      1.4000  
  1.0000     0.20000      1.2000  
  1.0000     0.40000      1.2000  
  1.0000     0.60000      1.2000  
  1.0000     0.80000      1.2000  
  1.0000     0.20000      1.0000  
  1.0000     0.40000      1.0000  
  1.0000     0.60000      1.0000  
  1.0000     0.80000      1.0000  
  1.0000     0.20000     0.80000  
  1.0000     0.40000     0.80000  
  1.0000     0.60000     0.80000  
  1.0000     0.80000     0.80000                                                                          
  1.0000     0.20000     0.60000  
  1.0000     0.40000     0.60000  
  1.0000     0.60000     0.60000  
  1.0000     0.80000     0.60000  
  1.0000     0.20000     0.40000  
  1.0000     0.40000     0.40000  
  1.0000     0.60000     0.40000  
  1.0000     0.80000     0.40000  
  1.0000     0.20000     0.20000  
  1.0000     0.40000     0.20000  
  1.0000     0.60000     0.20000  
  1.0000     0.80000     0.20000

IEN=
    2     6    21    17
    6     5    25    21
    5     4    29    25
    4     3    33    29
    3     1    11    33
   17    21    22    18
   21    25    26    22
   25    29    30    26
   29    33    34    30
   33    11    10    34
   18    22    23    19
   22    26    27    23
   26    30    31    27
   30    34    35    31
   34    10     9    35
   19    23    24    20
   23    27    28    24
   27    31    32    28
   31    35    36    32
   35     9     8    36
   20    24    13    12
   24    28    14    13
   28    32    15    14
   32    36    16    15
   36     8     7    16
   37    39    57    56
   39    40    61    57
   40    41    65    61
   41    42    69    65
   42    38    44    69
   56    57    58    55
   57    61    62    58
   61    65    66    62
   65    69    70    66
   69    44    45    70
   55    58    59    54
   58    62    63    59
   62    66    67    63
   66    70    71    67
   70    45    46    71 
   54    59    60    53
   59    63    64    60
   63    67    68    64
   67    71    72    68
   71    46    47    72
   53    60    52    48
   60    64    51    52
   64    68    50    51
   68    72    49    50
   72    47    43    49
   37    73   121    39
   73    74   125   121
   74    75   129   125
   75    76   133   129
   76    77   137   133
   77    78   141   137
   78    79   145   141
   79    80   149   145
   80    81   153   149
   81    82   157   153
   82    83   161   157
   83    84   165   161
   84    85   169   165
   85    86   173   169
   86    87   177   173
   87    88   181   177
   88    89   185   181
   89    90   189   185
   90    91   193   189
   91    92   197   193
   92    93   201   197
   93    94   205   201
   94    95   209   205
   95    96   213   209
   96     2    17   213
   39   121   122    40
  121   125   126   122
  125   129   130   126
  129   133   134   130
  133   137   138   134
  137   141   142   138
  141   145   146   142
  145   149   150   146
  149   153   154   150
  153   157   158   154
  157   161   162   158
  161   165   166   162
  165   169   170   166
  169   173   174   170
  173   177   178   174
  177   181   182   178
  181   185   186   182
  185   189   190   186
  189   193   194   190
  193   197   198   194
  197   201   202   198
  201   205   206   202
  205   209   210   206
  209   213   214   210
  213    17    18   214
   40   122   123    41
  122   126   127   123
  126   130   131   127
  130   134   135   131
  134   138   139   135
  138   142   143   139
  142   146   147   143
  146   150   151   147
  150   154   155   151
  154   158   159   155
  158   162   163   159
  162   166   167   163
  166   170   171   167
  170   174   175   171
  174   178   179   175
  178   182   183   179
  182   186   187   183
  186   190   191   187
  190   194   195   191
  194   198   199   195
  198   202   203   199
  202   206   207   203
  206   210   211   207
  210   214   215   211
  214    18    19   215
   41   123   124    42
  123   127   128   124
  127   131   132   128
  131   135   136   132
  135   139   140   136
  139   143   144   140
  143   147   148   144
  147   151   152   148
  151   155   156   152
  155   159   160   156
  159   163   164   160
  163   167   168   164
  167   171   172   168
  171   175   176   172
  175   179   180   176
  179   183   184   180
  183   187   188   184
  187   191   192   188
  191   195   196   192
  195   199   200   196
  199   203   204   200
  203   207   208   204
  207   211   212   208
  211   215   216   212
  215    19    20   216
   42   124   120    38
  124   128   119   120
  128   132   118   119
  132   136   117   118
  136   140   116   117
  140   144   115   116
  144   148   114   115
  148   152   113   114
  152   156   112   113
  156   160   111   112
  160   164   110   111
  164   168   109   110
  168   172   108   109
  172   176   107   108
  176   180   106   107
  180   184   105   106
  184   188   104   105
  188   192   103   104
  192   196   102   103
  196   200   101   102
  200   204   100   101
  204   208    99   100
  208   212    98    99
  212   216    97    98
  216    20    12    97
   48    52   265   241
   52    51   289   265
   51    50   313   289
   50    49   337   313
   49    43   240   337
  241   265   266   242
  265   289   290   266
  289   313   314   290
  313   337   338   314
  337   240   239   338
  242   266   267   243
  266   290   291   267
  290   314   315   291
  314   338   339   315
  338   239   238   339
  243   267   268   244
  267   291   292   268
  291   315   316   292
  315   339   340   316
  339   238   237   340
  244   268   269   245
  268   292   293   269
  292   316   317   293
  316   340   341   317
  340   237   236   341
  245   269   270   246
  269   293   294   270
  293   317   318   294
  317   341   342   318
  341   236   235   342
  246   270   271   247
  270   294   295   271
  294   318   319   295
  318   342   343   319
  342   235   234   343
  247   271   272   248
  271   295   296   272
  295   319   320   296
  319   343   344   320
  343   234   233   344
  248   272   273   249
  272   296   297   273
  296   320   321   297
  320   344   345   321
  344   233   232   345
  249   273   274   250
  273   297   298   274
  297   321   322   298
  321   345   346   322
  345   232   231   346
  250   274   275   251
  274   298   299   275
  298   322   323   299
  322   346   347   323
  346   231   230   347
  251   275   276   252
  275   299   300   276
  299   323   324   300
  323   347   348   324
  347   230   229   348
  252   276   277   253
  276   300   301   277
  300   324   325   301
  324   348   349   325
  348   229   228   349
  253   277   278   254
  277   301   302   278
  301   325   326   302
  325   349   350   326
  349   228   227   350
  254   278   279   255
  278   302   303   279
  302   326   327   303
  326   350   351   327
  350   227   226   351
  255   279   280   256
  279   303   304   280
  303   327   328   304
  327   351   352   328
  351   226   225   352
  256   280   281   257
  280   304   305   281
  304   328   329   305
  328   352   353   329
  352   225   224   353
  257   281   282   258
  281   305   306   282
  305   329   330   306
  329   353   354   330
  353   224   223   354
  258   282   283   259
  282   306   307   283
  306   330   331   307
  330   354   355   331
  354   223   222   355
  259   283   284   260
  283   307   308   284
  307   331   332   308
  331   355   356   332
  355   222   221   356
  260   284   285   261
  284   308   309   285
  308   332   333   309
  332   356   357   333
  356   221   220   357
  261   285   286   262
  285   309   310   286
  309   333   334   310
  333   357   358   334
  357   220   219   358
  262   286   287   263
  286   310   311   287
  310   334   335   311
  334   358   359   335
  358   219   218   359
  263   287   288   264
  287   311   312   288
  311   335   336   312
  335   359   360   336
  359   218   217   360
  264   288    11     1
  288   312    10    11
  312   336     9    10
  336   360     8     9
  360   217     7     8
   37    56   361    73
   56    55   385   361
   55    54   409   385
   54    53   433   409
   53    48   241   433
   73   361   362    74
  361   385   386   362
  385   409   410   386
  409   433   434   410
  433   241   242   434
   74   362   363    75
  362   386   387   363
  386   410   411   387
  410   434   435   411
  434   242   243   435
   75   363   364    76
  363   387   388   364
  387   411   412   388
  411   435   436   412
  435   243   244   436
   76   364   365    77
  364   388   389   365
  388   412   413   389
  412   436   437   413
  436   244   245   437
   77   365   366    78
  365   389   390   366
  389   413   414   390
  413   437   438   414
  437   245   246   438
   78   366   367    79
  366   390   391   367
  390   414   415   391
  414   438   439   415
  438   246   247   439
   79   367   368    80
  367   391   392   368
  391   415   416   392
  415   439   440   416
  439   247   248   440
   80   368   369    81
  368   392   393   369
  392   416   417   393
  416   440   441   417
  440   248   249   441
   81   369   370    82
  369   393   394   370
  393   417   418   394
  417   441   442   418
  441   249   250   442
   82   370   371    83
  370   394   395   371
  394   418   419   395
  418   442   443   419
  442   250   251   443
   83   371   372    84
  371   395   396   372
  395   419   420   396
  419   443   444   420
  443   251   252   444
   84   372   373    85
  372   396   397   373
  396   420   421   397
  420   444   445   421
  444   252   253   445
   85   373   374    86
  373   397   398   374
  397   421   422   398
  421   445   446   422
  445   253   254   446
   86   374   375    87
  374   398   399   375
  398   422   423   399
  422   446   447   423
  446   254   255   447
   87   375   376    88
  375   399   400   376
  399   423   424   400
  423   447   448   424
  447   255   256   448
   88   376   377    89
  376   400   401   377
  400   424   425   401
  424   448   449   425
  448   256   257   449
   89   377   378    90
  377   401   402   378
  401   425   426   402
  425   449   450   426
  449   257   258   450
   90   378   379    91
  378   402   403   379
  402   426   427   403
  426   450   451   427
  450   258   259   451
   91   379   380    92
  379   403   404   380
  403   427   428   404
  427   451   452   428
  451   259   260   452
   92   380   381    93
  380   404   405   381
  404   428   429   405
  428   452   453   429
  452   260   261   453
   93   381   382    94
  381   405   406   382
  405   429   430   406
  429   453   454   430
  453   261   262   454
   94   382   383    95
  382   406   407   383
  406   430   431   407
  430   454   455   431
  454   262   263   455
   95   383   384    96
  383   407   408   384
  407   431   432   408
  431   455   456   432
  455   263   264   456
   96   384     6     2
  384   408     5     6
  408   432     4     5
  432   456     3     4
  456   264     1     3
   38   120   457    44
  120   119   461   457
  119   118   465   461
  118   117   469   465
  117   116   473   469
  116   115   477   473
  115   114   481   477
  114   113   485   481
  113   112   489   485
  112   111   493   489
  111   110   497   493
  110   109   501   497
  109   108   505   501
  108   107   509   505
  107   106   513   509
  106   105   517   513
  105   104   521   517
  104   103   525   521
  103   102   529   525
  102   101   533   529
  101   100   537   533
  100    99   541   537
   99    98   545   541
   98    97   549   545
   97    12    13   549
   44   457   458    45
  457   461   462   458
  461   465   466   462
  465   469   470   466
  469   473   474   470
  473   477   478   474
  477   481   482   478
  481   485   486   482
  485   489   490   486
  489   493   494   490
  493   497   498   494
  497   501   502   498
  501   505   506   502
  505   509   510   506
  509   513   514   510
  513   517   518   514
  517   521   522   518
  521   525   526   522
  525   529   530   526
  529   533   534   530
  533   537   538   534
  537   541   542   538
  541   545   546   542
  545   549   550   546
  549    13    14   550
   45   458   459    46
  458   462   463   459
  462   466   467   463
  466   470   471   467
  470   474   475   471
  474   478   479   475
  478   482   483   479
  482   486   487   483
  486   490   491   487
  490   494   495   491
  494   498   499   495
  498   502   503   499
  502   506   507   503
  506   510   511   507
  510   514   515   511
  514   518   519   515
  518   522   523   519
  522   526   527   523
  526   530   531   527
  530   534   535   531
  534   538   539   535
  538   542   543   539
  542   546   547   543
  546   550   551   547
  550    14    15   551
   46   459   460    47
  459   463   464   460
  463   467   468   464
  467   471   472   468
  471   475   476   472
  475   479   480   476
  479   483   484   480
  483   487   488   484
  487   491   492   488
  491   495   496   492
  495   499   500   496
  499   503   504   500
  503   507   508   504
  507   511   512   508
  511   515   516   512
  515   519   520   516
  519   523   524   520
  523   527   528   524
  527   531   532   528
  531   535   536   532
  535   539   540   536
  539   543   544   540
  543   547   548   544
  547   551   552   548
  551    15    16   552
   47   460   240    43
  460   464   239   240
  464   468   238   239
  468   472   237   238
  472   476   236   237
  476   480   235   236
  480   484   234   235
  484   488   233   234
  488   492   232   233
  492   496   231   232
  496   500   230   231
  500   504   229   230
  504   508   228   229
  508   512   227   228
  512   516   226   227
  516   520   225   226
  520   524   224   225
  524   528   223   224
  528   532   222   223
  532   536   221   222
  536   540   220   221
  540   544   219   220
  544   548   218   219
  548   552   217   218
  552    16     7   217


UBC_num=108;
UBC_dof=
   1   2   3   4   5   6   7   8   9  10
  11  12  13  14  15  16  17  18  19  20
  21  22  23  24  25  26  27  28  29  30
  31  32  33  34  35  36  37  38  39  40
  41  42  43  44  45  46  47  48  49  50
  51  52  53  54  55  56  57  58  59  60
  61  62  63  64  65  66  67  68  69  70
  71  72  73  74  75  76  77  78  79  80
  81  82  83  84  85  86  87  88  89  90
  91  92  93  94  95  96  97  98  99 100
 101 102 103 104 105 106 107 108
UBC_values=
	0,0,0,0,0,0,0,0,0,0
	0,0,0,0,0,0,0,0,0,0
	0,0,0,0,0,0,0,0,0,0
	0,0,0,0,0,0,0,0,0,0
	0,0,0,0,0,0,0,0,0,0
	0,0,0,0,0,0,0,0,0,0
	0,0,0,0,0,0,0,0,0,0
	0,0,0,0,0,0,0,0,0,0
	0,0,0,0,0,0,0,0,0,0
	0,0,0,0,0,0,0,0,0,0
	0,0,0,0,0,0,0,0

FBC_num=36;
FBC_dof=
  111    114    117    120  
  123    126    129    132    135    138    141    144    147    150  
  153    156    159    162    165    168    171    174    177    180  
  183    186    189    192    195    198    201    204    207    210  
  213    216    219    222
FBC_values=
	1,1,1,1,1,1,1,1,1,1
	1,1,1,1,1,1,1,1,1,1
	1,1,1,1,1,1,1,1,1,1
	1,1,1,1,1,1

