numstep=2000;
dt=2.5e-4;
interpolation=4;
nq=6;

E=1e6;
nu=0;
density=1;

sd=3;
nnd=470;
EType=1;
nel=352;

nodes=
   0.00000   0.00000   0.00000
   0.00000   1.00000   0.00000
   0.00000   0.25000   0.00000
   0.00000   0.50000   0.00000
   0.00000   0.75000   0.00000
   1.00000   1.00000   0.00000
   0.25000   1.00000   0.00000
   0.50000   1.00000   0.00000
   0.75000   1.00000   0.00000
   1.00000   0.00000   0.00000
   1.00000   0.75000   0.00000
   1.00000   0.50000   0.00000
   1.00000   0.25000   0.00000
   0.75000   0.00000   0.00000
   0.50000   0.00000   0.00000
   0.25000   0.00000   0.00000
   0.25000   0.25000   0.00000
   0.50000   0.25000   0.00000
   0.75000   0.25000   0.00000
   0.25000   0.50000   0.00000
   0.50000   0.50000   0.00000
   0.75000   0.50000   0.00000
   0.25000   0.75000   0.00000
   0.50000   0.75000   0.00000
   0.75000   0.75000   0.00000
   1.00000   0.00000   5.00000
   1.00000   1.00000   5.00000
   1.00000   0.25000   5.00000
   1.00000   0.50000   5.00000
   1.00000   0.75000   5.00000
   0.00000   1.00000   5.00000
   0.75000   1.00000   5.00000
   0.50000   1.00000   5.00000
   0.25000   1.00000   5.00000
   0.00000   0.00000   5.00000
   0.00000   0.75000   5.00000
   0.00000   0.50000   5.00000
   0.00000   0.25000   5.00000
   0.25000   0.00000   5.00000
   0.50000   0.00000   5.00000
   0.75000   0.00000   5.00000
   0.75000   0.25000   5.00000
   0.50000   0.25000   5.00000
   0.25000   0.25000   5.00000
   0.75000   0.50000   5.00000
   0.50000   0.50000   5.00000
   0.25000   0.50000   5.00000
   0.75000   0.75000   5.00000
   0.50000   0.75000   5.00000
   0.25000   0.75000   5.00000
   0.00000   1.00000   0.00000
   0.00000   1.00000   5.00000
   0.00000   1.00000   0.25000
   0.00000   1.00000   0.50000
   0.00000   1.00000   0.75000
   0.00000   1.00000   1.00000
   0.00000   1.00000   1.25000
   0.00000   1.00000   1.50000
   0.00000   1.00000   1.75000
   0.00000   1.00000   2.00000
   0.00000   1.00000   2.25000
   0.00000   1.00000   2.50000
   0.00000   1.00000   2.75000
   0.00000   1.00000   3.00000
   0.00000   1.00000   3.25000
   0.00000   1.00000   3.50000
   0.00000   1.00000   3.75000
   0.00000   1.00000   4.00000
   0.00000   1.00000   4.25000
   0.00000   1.00000   4.50000
   0.00000   1.00000   4.75000
   1.00000   1.00000   5.00000
   0.25000   1.00000   5.00000
   0.50000   1.00000   5.00000
   0.75000   1.00000   5.00000
   1.00000   1.00000   0.00000
   1.00000   1.00000   4.75000
   1.00000   1.00000   4.50000
   1.00000   1.00000   4.25000
   1.00000   1.00000   4.00000
   1.00000   1.00000   3.75000
   1.00000   1.00000   3.50000
   1.00000   1.00000   3.25000
   1.00000   1.00000   3.00000
   1.00000   1.00000   2.75000
   1.00000   1.00000   2.50000
   1.00000   1.00000   2.25000
   1.00000   1.00000   2.00000
   1.00000   1.00000   1.75000
   1.00000   1.00000   1.50000
   1.00000   1.00000   1.25000
   1.00000   1.00000   1.00000
   1.00000   1.00000   0.75000
   1.00000   1.00000   0.50000
   1.00000   1.00000   0.25000
   0.75000   1.00000   0.00000
   0.50000   1.00000   0.00000
   0.25000   1.00000   0.00000
   0.25000   1.00000   0.25000
   0.50000   1.00000   0.25000
   0.75000   1.00000   0.25000
   0.25000   1.00000   0.50000
   0.50000   1.00000   0.50000
   0.75000   1.00000   0.50000
   0.25000   1.00000   0.75000
   0.50000   1.00000   0.75000
   0.75000   1.00000   0.75000
   0.25000   1.00000   1.00000
   0.50000   1.00000   1.00000
   0.75000   1.00000   1.00000
   0.25000   1.00000   1.25000
   0.50000   1.00000   1.25000
   0.75000   1.00000   1.25000
   0.25000   1.00000   1.50000
   0.50000   1.00000   1.50000
   0.75000   1.00000   1.50000
   0.25000   1.00000   1.75000
   0.50000   1.00000   1.75000
   0.75000   1.00000   1.75000
   0.25000   1.00000   2.00000
   0.50000   1.00000   2.00000
   0.75000   1.00000   2.00000
   0.25000   1.00000   2.25000
   0.50000   1.00000   2.25000
   0.75000   1.00000   2.25000
   0.25000   1.00000   2.50000
   0.50000   1.00000   2.50000
   0.75000   1.00000   2.50000
   0.25000   1.00000   2.75000
   0.50000   1.00000   2.75000
   0.75000   1.00000   2.75000
   0.25000   1.00000   3.00000
   0.50000   1.00000   3.00000
   0.75000   1.00000   3.00000
   0.25000   1.00000   3.25000
   0.50000   1.00000   3.25000
   0.75000   1.00000   3.25000
   0.25000   1.00000   3.50000
   0.50000   1.00000   3.50000
   0.75000   1.00000   3.50000
   0.25000   1.00000   3.75000
   0.50000   1.00000   3.75000
   0.75000   1.00000   3.75000
   0.25000   1.00000   4.00000
   0.50000   1.00000   4.00000
   0.75000   1.00000   4.00000
   0.25000   1.00000   4.25000
   0.50000   1.00000   4.25000
   0.75000   1.00000   4.25000
   0.25000   1.00000   4.50000
   0.50000   1.00000   4.50000
   0.75000   1.00000   4.50000
   0.25000   1.00000   4.75000
   0.50000   1.00000   4.75000
   0.75000   1.00000   4.75000
   1.00000   0.00000   0.00000
   1.00000   0.00000   5.00000
   1.00000   0.00000   0.25000
   1.00000   0.00000   0.50000
   1.00000   0.00000   0.75000
   1.00000   0.00000   1.00000
   1.00000   0.00000   1.25000
   1.00000   0.00000   1.50000
   1.00000   0.00000   1.75000
   1.00000   0.00000   2.00000
   1.00000   0.00000   2.25000
   1.00000   0.00000   2.50000
   1.00000   0.00000   2.75000
   1.00000   0.00000   3.00000
   1.00000   0.00000   3.25000
   1.00000   0.00000   3.50000
   1.00000   0.00000   3.75000
   1.00000   0.00000   4.00000
   1.00000   0.00000   4.25000
   1.00000   0.00000   4.50000
   1.00000   0.00000   4.75000
   0.00000   0.00000   5.00000
   0.75000   0.00000   5.00000
   0.50000   0.00000   5.00000
   0.25000   0.00000   5.00000
   0.00000   0.00000   0.00000
   0.00000   0.00000   4.75000
   0.00000   0.00000   4.50000
   0.00000   0.00000   4.25000
   0.00000   0.00000   4.00000
   0.00000   0.00000   3.75000
   0.00000   0.00000   3.50000
   0.00000   0.00000   3.25000
   0.00000   0.00000   3.00000
   0.00000   0.00000   2.75000
   0.00000   0.00000   2.50000
   0.00000   0.00000   2.25000
   0.00000   0.00000   2.00000
   0.00000   0.00000   1.75000
   0.00000   0.00000   1.50000
   0.00000   0.00000   1.25000
   0.00000   0.00000   1.00000
   0.00000   0.00000   0.75000
   0.00000   0.00000   0.50000
   0.00000   0.00000   0.25000
   0.25000   0.00000   0.00000
   0.50000   0.00000   0.00000
   0.75000   0.00000   0.00000
   0.75000   0.00000   0.25000
   0.50000   0.00000   0.25000
   0.25000   0.00000   0.25000
   0.75000   0.00000   0.50000
   0.50000   0.00000   0.50000
   0.25000   0.00000   0.50000
   0.75000   0.00000   0.75000
   0.50000   0.00000   0.75000
   0.25000   0.00000   0.75000
   0.75000   0.00000   1.00000
   0.50000   0.00000   1.00000
   0.25000   0.00000   1.00000
   0.75000   0.00000   1.25000
   0.50000   0.00000   1.25000
   0.25000   0.00000   1.25000
   0.75000   0.00000   1.50000
   0.50000   0.00000   1.50000
   0.25000   0.00000   1.50000
   0.75000   0.00000   1.75000
   0.50000   0.00000   1.75000
   0.25000   0.00000   1.75000
   0.75000   0.00000   2.00000
   0.50000   0.00000   2.00000
   0.25000   0.00000   2.00000
   0.75000   0.00000   2.25000
   0.50000   0.00000   2.25000
   0.25000   0.00000   2.25000
   0.75000   0.00000   2.50000
   0.50000   0.00000   2.50000
   0.25000   0.00000   2.50000
   0.75000   0.00000   2.75000
   0.50000   0.00000   2.75000
   0.25000   0.00000   2.75000
   0.75000   0.00000   3.00000
   0.50000   0.00000   3.00000
   0.25000   0.00000   3.00000
   0.75000   0.00000   3.25000
   0.50000   0.00000   3.25000
   0.25000   0.00000   3.25000
   0.75000   0.00000   3.50000
   0.50000   0.00000   3.50000
   0.25000   0.00000   3.50000
   0.75000   0.00000   3.75000
   0.50000   0.00000   3.75000
   0.25000   0.00000   3.75000
   0.75000   0.00000   4.00000
   0.50000   0.00000   4.00000
   0.25000   0.00000   4.00000
   0.75000   0.00000   4.25000
   0.50000   0.00000   4.25000
   0.25000   0.00000   4.25000
   0.75000   0.00000   4.50000
   0.50000   0.00000   4.50000
   0.25000   0.00000   4.50000
   0.75000   0.00000   4.75000
   0.50000   0.00000   4.75000
   0.25000   0.00000   4.75000
   1.00000   0.00000   0.00000
   1.00000   1.00000   0.00000
   1.00000   0.25000   0.00000
   1.00000   0.50000   0.00000
   1.00000   0.75000   0.00000
   1.00000   1.00000   5.00000
   1.00000   1.00000   0.25000
   1.00000   1.00000   0.50000
   1.00000   1.00000   0.75000
   1.00000   1.00000   1.00000
   1.00000   1.00000   1.25000
   1.00000   1.00000   1.50000
   1.00000   1.00000   1.75000
   1.00000   1.00000   2.00000
   1.00000   1.00000   2.25000
   1.00000   1.00000   2.50000
   1.00000   1.00000   2.75000
   1.00000   1.00000   3.00000
   1.00000   1.00000   3.25000
   1.00000   1.00000   3.50000
   1.00000   1.00000   3.75000
   1.00000   1.00000   4.00000
   1.00000   1.00000   4.25000
   1.00000   1.00000   4.50000
   1.00000   1.00000   4.75000
   1.00000   0.00000   5.00000
   1.00000   0.75000   5.00000
   1.00000   0.50000   5.00000
   1.00000   0.25000   5.00000
   1.00000   0.00000   4.75000
   1.00000   0.00000   4.50000
   1.00000   0.00000   4.25000
   1.00000   0.00000   4.00000
   1.00000   0.00000   3.75000
   1.00000   0.00000   3.50000
   1.00000   0.00000   3.25000
   1.00000   0.00000   3.00000
   1.00000   0.00000   2.75000
   1.00000   0.00000   2.50000
   1.00000   0.00000   2.25000
   1.00000   0.00000   2.00000
   1.00000   0.00000   1.75000
   1.00000   0.00000   1.50000
   1.00000   0.00000   1.25000
   1.00000   0.00000   1.00000
   1.00000   0.00000   0.75000
   1.00000   0.00000   0.50000
   1.00000   0.00000   0.25000
   1.00000   0.25000   0.25000
   1.00000   0.25000   0.50000
   1.00000   0.25000   0.75000
   1.00000   0.25000   1.00000
   1.00000   0.25000   1.25000
   1.00000   0.25000   1.50000
   1.00000   0.25000   1.75000
   1.00000   0.25000   2.00000
   1.00000   0.25000   2.25000
   1.00000   0.25000   2.50000
   1.00000   0.25000   2.75000
   1.00000   0.25000   3.00000
   1.00000   0.25000   3.25000
   1.00000   0.25000   3.50000
   1.00000   0.25000   3.75000
   1.00000   0.25000   4.00000
   1.00000   0.25000   4.25000
   1.00000   0.25000   4.50000
   1.00000   0.25000   4.75000
   1.00000   0.50000   0.25000
   1.00000   0.50000   0.50000
   1.00000   0.50000   0.75000
   1.00000   0.50000   1.00000
   1.00000   0.50000   1.25000
   1.00000   0.50000   1.50000
   1.00000   0.50000   1.75000
   1.00000   0.50000   2.00000
   1.00000   0.50000   2.25000
   1.00000   0.50000   2.50000
   1.00000   0.50000   2.75000
   1.00000   0.50000   3.00000
   1.00000   0.50000   3.25000
   1.00000   0.50000   3.50000
   1.00000   0.50000   3.75000
   1.00000   0.50000   4.00000
   1.00000   0.50000   4.25000
   1.00000   0.50000   4.50000
   1.00000   0.50000   4.75000
   1.00000   0.75000   0.25000
   1.00000   0.75000   0.50000
   1.00000   0.75000   0.75000
   1.00000   0.75000   1.00000
   1.00000   0.75000   1.25000
   1.00000   0.75000   1.50000
   1.00000   0.75000   1.75000
   1.00000   0.75000   2.00000
   1.00000   0.75000   2.25000
   1.00000   0.75000   2.50000
   1.00000   0.75000   2.75000
   1.00000   0.75000   3.00000
   1.00000   0.75000   3.25000
   1.00000   0.75000   3.50000
   1.00000   0.75000   3.75000
   1.00000   0.75000   4.00000
   1.00000   0.75000   4.25000
   1.00000   0.75000   4.50000
   1.00000   0.75000   4.75000
   0.00000   0.00000   5.00000
   0.00000   1.00000   5.00000
   0.00000   0.25000   5.00000
   0.00000   0.50000   5.00000
   0.00000   0.75000   5.00000
   0.00000   1.00000   0.00000
   0.00000   1.00000   4.75000
   0.00000   1.00000   4.50000
   0.00000   1.00000   4.25000
   0.00000   1.00000   4.00000
   0.00000   1.00000   3.75000
   0.00000   1.00000   3.50000
   0.00000   1.00000   3.25000
   0.00000   1.00000   3.00000
   0.00000   1.00000   2.75000
   0.00000   1.00000   2.50000
   0.00000   1.00000   2.25000
   0.00000   1.00000   2.00000
   0.00000   1.00000   1.75000
   0.00000   1.00000   1.50000
   0.00000   1.00000   1.25000
   0.00000   1.00000   1.00000
   0.00000   1.00000   0.75000
   0.00000   1.00000   0.50000
   0.00000   1.00000   0.25000
   0.00000   0.00000   0.00000
   0.00000   0.75000   0.00000
   0.00000   0.50000   0.00000
   0.00000   0.25000   0.00000
   0.00000   0.00000   0.25000
   0.00000   0.00000   0.50000
   0.00000   0.00000   0.75000
   0.00000   0.00000   1.00000
   0.00000   0.00000   1.25000
   0.00000   0.00000   1.50000
   0.00000   0.00000   1.75000
   0.00000   0.00000   2.00000
   0.00000   0.00000   2.25000
   0.00000   0.00000   2.50000
   0.00000   0.00000   2.75000
   0.00000   0.00000   3.00000
   0.00000   0.00000   3.25000
   0.00000   0.00000   3.50000
   0.00000   0.00000   3.75000
   0.00000   0.00000   4.00000
   0.00000   0.00000   4.25000
   0.00000   0.00000   4.50000
   0.00000   0.00000   4.75000
   0.00000   0.25000   4.75000
   0.00000   0.25000   4.50000
   0.00000   0.25000   4.25000
   0.00000   0.25000   4.00000
   0.00000   0.25000   3.75000
   0.00000   0.25000   3.50000
   0.00000   0.25000   3.25000
   0.00000   0.25000   3.00000
   0.00000   0.25000   2.75000
   0.00000   0.25000   2.50000
   0.00000   0.25000   2.25000
   0.00000   0.25000   2.00000
   0.00000   0.25000   1.75000
   0.00000   0.25000   1.50000
   0.00000   0.25000   1.25000
   0.00000   0.25000   1.00000
   0.00000   0.25000   0.75000
   0.00000   0.25000   0.50000
   0.00000   0.25000   0.25000
   0.00000   0.50000   4.75000
   0.00000   0.50000   4.50000
   0.00000   0.50000   4.25000
   0.00000   0.50000   4.00000
   0.00000   0.50000   3.75000
   0.00000   0.50000   3.50000
   0.00000   0.50000   3.25000
   0.00000   0.50000   3.00000
   0.00000   0.50000   2.75000
   0.00000   0.50000   2.50000
   0.00000   0.50000   2.25000
   0.00000   0.50000   2.00000
   0.00000   0.50000   1.75000
   0.00000   0.50000   1.50000
   0.00000   0.50000   1.25000
   0.00000   0.50000   1.00000
   0.00000   0.50000   0.75000
   0.00000   0.50000   0.50000
   0.00000   0.50000   0.25000
   0.00000   0.75000   4.75000
   0.00000   0.75000   4.50000
   0.00000   0.75000   4.25000
   0.00000   0.75000   4.00000
   0.00000   0.75000   3.75000
   0.00000   0.75000   3.50000
   0.00000   0.75000   3.25000
   0.00000   0.75000   3.00000
   0.00000   0.75000   2.75000
   0.00000   0.75000   2.50000
   0.00000   0.75000   2.25000
   0.00000   0.75000   2.00000
   0.00000   0.75000   1.75000
   0.00000   0.75000   1.50000
   0.00000   0.75000   1.25000
   0.00000   0.75000   1.00000
   0.00000   0.75000   0.75000
   0.00000   0.75000   0.50000
   0.00000   0.75000   0.25000

IEN=
      1      3     17     16
      3      4     20     17
      4      5     23     20
      5      2      7     23
     16     17     18     15
     17     20     21     18
     20     23     24     21
     23      7      8     24
     15     18     19     14
     18     21     22     19
     21     24     25     22
     24      8      9     25
     14     19     13     10
     19     22     12     13
     22     25     11     12
     25      9      6     11
     26     28     42     41
     28     29     45     42
     29     30     48     45
     30     27     32     48
     41     42     43     40
     42     45     46     43
     45     48     49     46
     48     32     33     49
     40     43     44     39
     43     46     47     44
     46     49     50     47
     49     33     34     50
     39     44     38     35
     44     47     37     38
     47     50     36     37
     50     34     31     36
     51     53     99     98
     53     54    102     99
     54     55    105    102
     55     56    108    105
     56     57    111    108
     57     58    114    111
     58     59    117    114
     59     60    120    117
     60     61    123    120
     61     62    126    123
     62     63    129    126
     63     64    132    129
     64     65    135    132
     65     66    138    135
     66     67    141    138
     67     68    144    141
     68     69    147    144
     69     70    150    147
     70     71    153    150
     71     52     73    153
     98     99    100     97
     99    102    103    100
    102    105    106    103
    105    108    109    106
    108    111    112    109
    111    114    115    112
    114    117    118    115
    117    120    121    118
    120    123    124    121
    123    126    127    124
    126    129    130    127
    129    132    133    130
    132    135    136    133
    135    138    139    136
    138    141    142    139
    141    144    145    142
    144    147    148    145
    147    150    151    148
    150    153    154    151
    153     73     74    154
     97    100    101     96
    100    103    104    101
    103    106    107    104
    106    109    110    107
    109    112    113    110
    112    115    116    113
    115    118    119    116
    118    121    122    119
    121    124    125    122
    124    127    128    125
    127    130    131    128
    130    133    134    131
    133    136    137    134
    136    139    140    137
    139    142    143    140
    142    145    146    143
    145    148    149    146
    148    151    152    149
    151    154    155    152
    154     74     75    155
     96    101     95     76
    101    104     94     95
    104    107     93     94
    107    110     92     93
    110    113     91     92
    113    116     90     91
    116    119     89     90
    119    122     88     89
    122    125     87     88
    125    128     86     87
    128    131     85     86
    131    134     84     85
    134    137     83     84
    137    140     82     83
    140    143     81     82
    143    146     80     81
    146    149     79     80
    149    152     78     79
    152    155     77     78
    155     75     72     77
    156    158    204    203
    158    159    207    204
    159    160    210    207
    160    161    213    210
    161    162    216    213
    162    163    219    216
    163    164    222    219
    164    165    225    222
    165    166    228    225
    166    167    231    228
    167    168    234    231
    168    169    237    234
    169    170    240    237
    170    171    243    240
    171    172    246    243
    172    173    249    246
    173    174    252    249
    174    175    255    252
    175    176    258    255
    176    157    178    258
    203    204    205    202
    204    207    208    205
    207    210    211    208
    210    213    214    211
    213    216    217    214
    216    219    220    217
    219    222    223    220
    222    225    226    223
    225    228    229    226
    228    231    232    229
    231    234    235    232
    234    237    238    235
    237    240    241    238
    240    243    244    241
    243    246    247    244
    246    249    250    247
    249    252    253    250
    252    255    256    253
    255    258    259    256
    258    178    179    259
    202    205    206    201
    205    208    209    206
    208    211    212    209
    211    214    215    212
    214    217    218    215
    217    220    221    218
    220    223    224    221
    223    226    227    224
    226    229    230    227
    229    232    233    230
    232    235    236    233
    235    238    239    236
    238    241    242    239
    241    244    245    242
    244    247    248    245
    247    250    251    248
    250    253    254    251
    253    256    257    254
    256    259    260    257
    259    179    180    260
    201    206    200    181
    206    209    199    200
    209    212    198    199
    212    215    197    198
    215    218    196    197
    218    221    195    196
    221    224    194    195
    224    227    193    194
    227    230    192    193
    230    233    191    192
    233    236    190    191
    236    239    189    190
    239    242    188    189
    242    245    187    188
    245    248    186    187
    248    251    185    186
    251    254    184    185
    254    257    183    184
    257    260    182    183
    260    180    177    182
    261    263    309    308
    263    264    328    309
    264    265    347    328
    265    262    267    347
    308    309    310    307
    309    328    329    310
    328    347    348    329
    347    267    268    348
    307    310    311    306
    310    329    330    311
    329    348    349    330
    348    268    269    349
    306    311    312    305
    311    330    331    312
    330    349    350    331
    349    269    270    350
    305    312    313    304
    312    331    332    313
    331    350    351    332
    350    270    271    351
    304    313    314    303
    313    332    333    314
    332    351    352    333
    351    271    272    352
    303    314    315    302
    314    333    334    315
    333    352    353    334
    352    272    273    353
    302    315    316    301
    315    334    335    316
    334    353    354    335
    353    273    274    354
    301    316    317    300
    316    335    336    317
    335    354    355    336
    354    274    275    355
    300    317    318    299
    317    336    337    318
    336    355    356    337
    355    275    276    356
    299    318    319    298
    318    337    338    319
    337    356    357    338
    356    276    277    357
    298    319    320    297
    319    338    339    320
    338    357    358    339
    357    277    278    358
    297    320    321    296
    320    339    340    321
    339    358    359    340
    358    278    279    359
    296    321    322    295
    321    340    341    322
    340    359    360    341
    359    279    280    360
    295    322    323    294
    322    341    342    323
    341    360    361    342
    360    280    281    361
    294    323    324    293
    323    342    343    324
    342    361    362    343
    361    281    282    362
    293    324    325    292
    324    343    344    325
    343    362    363    344
    362    282    283    363
    292    325    326    291
    325    344    345    326
    344    363    364    345
    363    283    284    364
    291    326    327    290
    326    345    346    327
    345    364    365    346
    364    284    285    365
    290    327    289    286
    327    346    288    289
    346    365    287    288
    365    285    266    287
    366    368    414    413
    368    369    433    414
    369    370    452    433
    370    367    372    452
    413    414    415    412
    414    433    434    415
    433    452    453    434
    452    372    373    453
    412    415    416    411
    415    434    435    416
    434    453    454    435
    453    373    374    454
    411    416    417    410
    416    435    436    417
    435    454    455    436
    454    374    375    455
    410    417    418    409
    417    436    437    418
    436    455    456    437
    455    375    376    456
    409    418    419    408
    418    437    438    419
    437    456    457    438
    456    376    377    457
    408    419    420    407
    419    438    439    420
    438    457    458    439
    457    377    378    458
    407    420    421    406
    420    439    440    421
    439    458    459    440
    458    378    379    459
    406    421    422    405
    421    440    441    422
    440    459    460    441
    459    379    380    460
    405    422    423    404
    422    441    442    423
    441    460    461    442
    460    380    381    461
    404    423    424    403
    423    442    443    424
    442    461    462    443
    461    381    382    462
    403    424    425    402
    424    443    444    425
    443    462    463    444
    462    382    383    463
    402    425    426    401
    425    444    445    426
    444    463    464    445
    463    383    384    464
    401    426    427    400
    426    445    446    427
    445    464    465    446
    464    384    385    465
    400    427    428    399
    427    446    447    428
    446    465    466    447
    465    385    386    466
    399    428    429    398
    428    447    448    429
    447    466    467    448
    466    386    387    467
    398    429    430    397
    429    448    449    430
    448    467    468    449
    467    387    388    468
    397    430    431    396
    430    449    450    431
    449    468    469    450
    468    388    389    469
    396    431    432    395
    431    450    451    432
    450    469    470    451
    469    389    390    470
    395    432    394    391
    432    451    393    394
    451    470    392    393
    470    390    371    392  


UBC_num=75;
UBC_dof=
1,9,17,25,33,41,49,57,65,73
2,10,18,26,34,42,50,58,66,74
3,11,19,27,35,43,51,59,67,75
4,12,20,28,36,44,52,60,68
5,13,21,29,37,45,53,61,69
6,14,22,30,38,46,54,62,70
7,15,23,31,39,47,55,63,71
8,16,24,32,40,48,56,64,72

UBC_values=
0,0,0,0,0,0,0,0,0,0
0,0,0,0,0,0,0,0,0,0
0,0,0,0,0,0,0,0,0,0
0,0,0,0,0,0,0,0,0
0,0,0,0,0,0,0,0,0
0,0,0,0,0,0,0,0,0
0,0,0,0,0,0,0,0,0
0,0,0,0,0,0,0,0,0


FBC_num=25;
FBC_dof=
78,87,96,105,114,123,132,141,150
81,90,99,108,117,126,135,144
84,93,102,111,120,129,138,147

FBC_values=
1,1,1,1,1,1,1,1,1
1,1,1,1,1,1,1,1
1,1,1,1,1,1,1,1,


