numstep=1000;
dt=2e-4;
interpolation=4;
nq=6;

E=1e6;
nu=0;
density=1;

sd=3;
nnd=466;
EType=1;
nel=464;

nodes=
   0.00000   0.00000   0.00000
  -0.50000   0.00000   0.00000
  -0.16667   0.00000   0.00000
  -0.33333   0.00000   0.00000
   0.00000   0.50000   0.00000
  -0.19134   0.46194   0.00000
  -0.35355   0.35355   0.00000
  -0.46194   0.19134   0.00000
   0.00000   0.16667   0.00000
   0.00000   0.33333   0.00000
  -0.14386   0.29911   0.00000
  -0.29684   0.14702   0.00000
  -0.26580   0.26685   0.00000
  -0.14441   0.14515   0.00000
   0.00000   0.00000   5.00000
   0.00000   0.50000   5.00000
   0.00000   0.16667   5.00000
   0.00000   0.33333   5.00000
  -0.50000   0.00000   5.00000
  -0.46194   0.19134   5.00000
  -0.35355   0.35355   5.00000
  -0.19134   0.46194   5.00000
  -0.16667   0.00000   5.00000
  -0.33333   0.00000   5.00000
  -0.29913   0.14384   5.00000
  -0.14704   0.29683   5.00000
  -0.26688   0.26579   5.00000
  -0.14516   0.14441   5.00000
  -0.50000   0.00000   0.20000
  -0.50000   0.00000   0.40000
  -0.50000   0.00000   0.60000
  -0.50000   0.00000   0.80000
  -0.50000   0.00000   1.00000
  -0.50000   0.00000   1.20000
  -0.50000   0.00000   1.40000
  -0.50000   0.00000   1.60000
  -0.50000   0.00000   1.80000
  -0.50000   0.00000   2.00000
  -0.50000   0.00000   2.20000
  -0.50000   0.00000   2.40000
  -0.50000   0.00000   2.60000
  -0.50000   0.00000   2.80000
  -0.50000   0.00000   3.00000
  -0.50000   0.00000   3.20000
  -0.50000   0.00000   3.40000
  -0.50000   0.00000   3.60000
  -0.50000   0.00000   3.80000
  -0.50000   0.00000   4.00000
  -0.50000   0.00000   4.20000
  -0.50000   0.00000   4.40000
  -0.50000   0.00000   4.60000
  -0.50000   0.00000   4.80000
   0.00000   0.50000   0.20000
   0.00000   0.50000   0.40000
   0.00000   0.50000   0.60000
   0.00000   0.50000   0.80000
   0.00000   0.50000   1.00000
   0.00000   0.50000   1.20000
   0.00000   0.50000   1.40000
   0.00000   0.50000   1.60000
   0.00000   0.50000   1.80000
   0.00000   0.50000   2.00000
   0.00000   0.50000   2.20000
   0.00000   0.50000   2.40000
   0.00000   0.50000   2.60000
   0.00000   0.50000   2.80000
   0.00000   0.50000   3.00000
   0.00000   0.50000   3.20000
   0.00000   0.50000   3.40000
   0.00000   0.50000   3.60000
   0.00000   0.50000   3.80000
   0.00000   0.50000   4.00000
   0.00000   0.50000   4.20000
   0.00000   0.50000   4.40000
   0.00000   0.50000   4.60000
   0.00000   0.50000   4.80000
  -0.19134   0.46194   0.20000
  -0.19134   0.46194   0.40000
  -0.19134   0.46194   0.60000
  -0.19134   0.46194   0.80000
  -0.19134   0.46194   1.00000
  -0.19134   0.46194   1.20000
  -0.19134   0.46194   1.40000
  -0.19134   0.46194   1.60000
  -0.19134   0.46194   1.80000
  -0.19134   0.46194   2.00000
  -0.19134   0.46194   2.20000
  -0.19134   0.46194   2.40000
  -0.19134   0.46194   2.60000
  -0.19134   0.46194   2.80000
  -0.19134   0.46194   3.00000
  -0.19134   0.46194   3.20000
  -0.19134   0.46194   3.40000
  -0.19134   0.46194   3.60000
  -0.19134   0.46194   3.80000
  -0.19134   0.46194   4.00000
  -0.19134   0.46194   4.20000
  -0.19134   0.46194   4.40000
  -0.19134   0.46194   4.60000
  -0.19134   0.46194   4.80000
  -0.35355   0.35355   0.20000
  -0.35355   0.35355   0.40000
  -0.35355   0.35355   0.60000
  -0.35355   0.35355   0.80000
  -0.35355   0.35355   1.00000
  -0.35355   0.35355   1.20000
  -0.35355   0.35355   1.40000
  -0.35355   0.35355   1.60000
  -0.35355   0.35355   1.80000
  -0.35355   0.35355   2.00000
  -0.35355   0.35355   2.20000
  -0.35355   0.35355   2.40000
  -0.35355   0.35355   2.60000
  -0.35355   0.35355   2.80000
  -0.35355   0.35355   3.00000
  -0.35355   0.35355   3.20000
  -0.35355   0.35355   3.40000
  -0.35355   0.35355   3.60000
  -0.35355   0.35355   3.80000
  -0.35355   0.35355   4.00000
  -0.35355   0.35355   4.20000
  -0.35355   0.35355   4.40000
  -0.35355   0.35355   4.60000
  -0.35355   0.35355   4.80000
  -0.46194   0.19134   0.20000
  -0.46194   0.19134   0.40000
  -0.46194   0.19134   0.60000
  -0.46194   0.19134   0.80000
  -0.46194   0.19134   1.00000
  -0.46194   0.19134   1.20000
  -0.46194   0.19134   1.40000
  -0.46194   0.19134   1.60000
  -0.46194   0.19134   1.80000
  -0.46194   0.19134   2.00000
  -0.46194   0.19134   2.20000
  -0.46194   0.19134   2.40000
  -0.46194   0.19134   2.60000
  -0.46194   0.19134   2.80000
  -0.46194   0.19134   3.00000
  -0.46194   0.19134   3.20000
  -0.46194   0.19134   3.40000
  -0.46194   0.19134   3.60000
  -0.46194   0.19134   3.80000
  -0.46194   0.19134   4.00000
  -0.46194   0.19134   4.20000
  -0.46194   0.19134   4.40000
  -0.46194   0.19134   4.60000
  -0.46194   0.19134   4.80000
   0.00000  -0.50000   0.00000
  -0.19134  -0.46194   0.00000
  -0.35355  -0.35355   0.00000
  -0.46194  -0.19134   0.00000
   0.00000  -0.16667   0.00000
   0.00000  -0.33333   0.00000
  -0.14386  -0.29911   0.00000
  -0.29684  -0.14702   0.00000
  -0.26580  -0.26685   0.00000
  -0.14441  -0.14515   0.00000
   0.00000  -0.50000   5.00000
   0.00000  -0.16667   5.00000
   0.00000  -0.33333   5.00000
  -0.46194  -0.19134   5.00000
  -0.35355  -0.35355   5.00000
  -0.19134  -0.46194   5.00000
  -0.29913  -0.14384   5.00000
  -0.14704  -0.29683   5.00000
  -0.26688  -0.26579   5.00000
  -0.14516  -0.14441   5.00000
   0.00000  -0.50000   0.20000
   0.00000  -0.50000   0.40000
   0.00000  -0.50000   0.60000
   0.00000  -0.50000   0.80000
   0.00000  -0.50000   1.00000
   0.00000  -0.50000   1.20000
   0.00000  -0.50000   1.40000
   0.00000  -0.50000   1.60000
   0.00000  -0.50000   1.80000
   0.00000  -0.50000   2.00000
   0.00000  -0.50000   2.20000
   0.00000  -0.50000   2.40000
   0.00000  -0.50000   2.60000
   0.00000  -0.50000   2.80000
   0.00000  -0.50000   3.00000
   0.00000  -0.50000   3.20000
   0.00000  -0.50000   3.40000
   0.00000  -0.50000   3.60000
   0.00000  -0.50000   3.80000
   0.00000  -0.50000   4.00000
   0.00000  -0.50000   4.20000
   0.00000  -0.50000   4.40000
   0.00000  -0.50000   4.60000
   0.00000  -0.50000   4.80000
  -0.19134  -0.46194   0.20000
  -0.19134  -0.46194   0.40000
  -0.19134  -0.46194   0.60000
  -0.19134  -0.46194   0.80000
  -0.19134  -0.46194   1.00000
  -0.19134  -0.46194   1.20000
  -0.19134  -0.46194   1.40000
  -0.19134  -0.46194   1.60000
  -0.19134  -0.46194   1.80000
  -0.19134  -0.46194   2.00000
  -0.19134  -0.46194   2.20000
  -0.19134  -0.46194   2.40000
  -0.19134  -0.46194   2.60000
  -0.19134  -0.46194   2.80000
  -0.19134  -0.46194   3.00000
  -0.19134  -0.46194   3.20000
  -0.19134  -0.46194   3.40000
  -0.19134  -0.46194   3.60000
  -0.19134  -0.46194   3.80000
  -0.19134  -0.46194   4.00000
  -0.19134  -0.46194   4.20000
  -0.19134  -0.46194   4.40000
  -0.19134  -0.46194   4.60000
  -0.19134  -0.46194   4.80000
  -0.35355  -0.35355   0.20000
  -0.35355  -0.35355   0.40000
  -0.35355  -0.35355   0.60000
  -0.35355  -0.35355   0.80000
  -0.35355  -0.35355   1.00000
  -0.35355  -0.35355   1.20000
  -0.35355  -0.35355   1.40000
  -0.35355  -0.35355   1.60000
  -0.35355  -0.35355   1.80000
  -0.35355  -0.35355   2.00000
  -0.35355  -0.35355   2.20000
  -0.35355  -0.35355   2.40000
  -0.35355  -0.35355   2.60000
  -0.35355  -0.35355   2.80000
  -0.35355  -0.35355   3.00000
  -0.35355  -0.35355   3.20000
  -0.35355  -0.35355   3.40000
  -0.35355  -0.35355   3.60000
  -0.35355  -0.35355   3.80000
  -0.35355  -0.35355   4.00000
  -0.35355  -0.35355   4.20000
  -0.35355  -0.35355   4.40000
  -0.35355  -0.35355   4.60000
  -0.35355  -0.35355   4.80000
  -0.46194  -0.19134   0.20000
  -0.46194  -0.19134   0.40000
  -0.46194  -0.19134   0.60000
  -0.46194  -0.19134   0.80000
  -0.46194  -0.19134   1.00000
  -0.46194  -0.19134   1.20000
  -0.46194  -0.19134   1.40000
  -0.46194  -0.19134   1.60000
  -0.46194  -0.19134   1.80000
  -0.46194  -0.19134   2.00000
  -0.46194  -0.19134   2.20000
  -0.46194  -0.19134   2.40000
  -0.46194  -0.19134   2.60000
  -0.46194  -0.19134   2.80000
  -0.46194  -0.19134   3.00000
  -0.46194  -0.19134   3.20000
  -0.46194  -0.19134   3.40000
  -0.46194  -0.19134   3.60000
  -0.46194  -0.19134   3.80000
  -0.46194  -0.19134   4.00000
  -0.46194  -0.19134   4.20000
  -0.46194  -0.19134   4.40000
  -0.46194  -0.19134   4.60000
  -0.46194  -0.19134   4.80000
   0.50000   0.00000   0.00000
   0.16667   0.00000   0.00000
   0.33333   0.00000   0.00000
   0.19134   0.46194   0.00000
   0.35355   0.35355   0.00000
   0.46194   0.19134   0.00000
   0.14386   0.29911   0.00000
   0.29684   0.14702   0.00000
   0.26580   0.26685   0.00000
   0.14441   0.14515   0.00000
   0.50000   0.00000   5.00000
   0.46194   0.19134   5.00000
   0.35355   0.35355   5.00000
   0.19134   0.46194   5.00000
   0.16667   0.00000   5.00000
   0.33333   0.00000   5.00000
   0.29913   0.14384   5.00000
   0.14704   0.29683   5.00000
   0.26688   0.26579   5.00000
   0.14516   0.14441   5.00000
   0.50000   0.00000   0.20000
   0.50000   0.00000   0.40000
   0.50000   0.00000   0.60000
   0.50000   0.00000   0.80000
   0.50000   0.00000   1.00000
   0.50000   0.00000   1.20000
   0.50000   0.00000   1.40000
   0.50000   0.00000   1.60000
   0.50000   0.00000   1.80000
   0.50000   0.00000   2.00000
   0.50000   0.00000   2.20000
   0.50000   0.00000   2.40000
   0.50000   0.00000   2.60000
   0.50000   0.00000   2.80000
   0.50000   0.00000   3.00000
   0.50000   0.00000   3.20000
   0.50000   0.00000   3.40000
   0.50000   0.00000   3.60000
   0.50000   0.00000   3.80000
   0.50000   0.00000   4.00000
   0.50000   0.00000   4.20000
   0.50000   0.00000   4.40000
   0.50000   0.00000   4.60000
   0.50000   0.00000   4.80000
   0.19134   0.46194   0.20000
   0.19134   0.46194   0.40000
   0.19134   0.46194   0.60000
   0.19134   0.46194   0.80000
   0.19134   0.46194   1.00000
   0.19134   0.46194   1.20000
   0.19134   0.46194   1.40000
   0.19134   0.46194   1.60000
   0.19134   0.46194   1.80000
   0.19134   0.46194   2.00000
   0.19134   0.46194   2.20000
   0.19134   0.46194   2.40000
   0.19134   0.46194   2.60000
   0.19134   0.46194   2.80000
   0.19134   0.46194   3.00000
   0.19134   0.46194   3.20000
   0.19134   0.46194   3.40000
   0.19134   0.46194   3.60000
   0.19134   0.46194   3.80000
   0.19134   0.46194   4.00000
   0.19134   0.46194   4.20000
   0.19134   0.46194   4.40000
   0.19134   0.46194   4.60000
   0.19134   0.46194   4.80000
   0.35355   0.35355   0.20000
   0.35355   0.35355   0.40000
   0.35355   0.35355   0.60000
   0.35355   0.35355   0.80000
   0.35355   0.35355   1.00000
   0.35355   0.35355   1.20000
   0.35355   0.35355   1.40000
   0.35355   0.35355   1.60000
   0.35355   0.35355   1.80000
   0.35355   0.35355   2.00000
   0.35355   0.35355   2.20000
   0.35355   0.35355   2.40000
   0.35355   0.35355   2.60000
   0.35355   0.35355   2.80000
   0.35355   0.35355   3.00000
   0.35355   0.35355   3.20000
   0.35355   0.35355   3.40000
   0.35355   0.35355   3.60000
   0.35355   0.35355   3.80000
   0.35355   0.35355   4.00000
   0.35355   0.35355   4.20000
   0.35355   0.35355   4.40000
   0.35355   0.35355   4.60000
   0.35355   0.35355   4.80000
   0.46194   0.19134   0.20000
   0.46194   0.19134   0.40000
   0.46194   0.19134   0.60000
   0.46194   0.19134   0.80000
   0.46194   0.19134   1.00000
   0.46194   0.19134   1.20000
   0.46194   0.19134   1.40000
   0.46194   0.19134   1.60000
   0.46194   0.19134   1.80000
   0.46194   0.19134   2.00000
   0.46194   0.19134   2.20000
   0.46194   0.19134   2.40000
   0.46194   0.19134   2.60000
   0.46194   0.19134   2.80000
   0.46194   0.19134   3.00000
   0.46194   0.19134   3.20000
   0.46194   0.19134   3.40000
   0.46194   0.19134   3.60000
   0.46194   0.19134   3.80000
   0.46194   0.19134   4.00000
   0.46194   0.19134   4.20000
   0.46194   0.19134   4.40000
   0.46194   0.19134   4.60000
   0.46194   0.19134   4.80000
   0.19134  -0.46194   0.00000
   0.35355  -0.35355   0.00000
   0.46194  -0.19134   0.00000
   0.14386  -0.29911   0.00000
   0.29684  -0.14702   0.00000
   0.26580  -0.26685   0.00000
   0.14441  -0.14515   0.00000
   0.46194  -0.19134   5.00000
   0.35355  -0.35355   5.00000
   0.19134  -0.46194   5.00000
   0.29913  -0.14384   5.00000
   0.14704  -0.29683   5.00000
   0.26688  -0.26579   5.00000
   0.14516  -0.14441   5.00000
   0.19134  -0.46194   0.20000
   0.19134  -0.46194   0.40000
   0.19134  -0.46194   0.60000
   0.19134  -0.46194   0.80000
   0.19134  -0.46194   1.00000
   0.19134  -0.46194   1.20000
   0.19134  -0.46194   1.40000
   0.19134  -0.46194   1.60000
   0.19134  -0.46194   1.80000
   0.19134  -0.46194   2.00000
   0.19134  -0.46194   2.20000
   0.19134  -0.46194   2.40000
   0.19134  -0.46194   2.60000
   0.19134  -0.46194   2.80000
   0.19134  -0.46194   3.00000
   0.19134  -0.46194   3.20000
   0.19134  -0.46194   3.40000
   0.19134  -0.46194   3.60000
   0.19134  -0.46194   3.80000
   0.19134  -0.46194   4.00000
   0.19134  -0.46194   4.20000
   0.19134  -0.46194   4.40000
   0.19134  -0.46194   4.60000
   0.19134  -0.46194   4.80000
   0.35355  -0.35355   0.20000
   0.35355  -0.35355   0.40000
   0.35355  -0.35355   0.60000
   0.35355  -0.35355   0.80000
   0.35355  -0.35355   1.00000
   0.35355  -0.35355   1.20000
   0.35355  -0.35355   1.40000
   0.35355  -0.35355   1.60000
   0.35355  -0.35355   1.80000
   0.35355  -0.35355   2.00000
   0.35355  -0.35355   2.20000
   0.35355  -0.35355   2.40000
   0.35355  -0.35355   2.60000
   0.35355  -0.35355   2.80000
   0.35355  -0.35355   3.00000
   0.35355  -0.35355   3.20000
   0.35355  -0.35355   3.40000
   0.35355  -0.35355   3.60000
   0.35355  -0.35355   3.80000
   0.35355  -0.35355   4.00000
   0.35355  -0.35355   4.20000
   0.35355  -0.35355   4.40000
   0.35355  -0.35355   4.60000
   0.35355  -0.35355   4.80000
   0.46194  -0.19134   0.20000
   0.46194  -0.19134   0.40000
   0.46194  -0.19134   0.60000
   0.46194  -0.19134   0.80000
   0.46194  -0.19134   1.00000
   0.46194  -0.19134   1.20000
   0.46194  -0.19134   1.40000
   0.46194  -0.19134   1.60000
   0.46194  -0.19134   1.80000
   0.46194  -0.19134   2.00000
   0.46194  -0.19134   2.20000
   0.46194  -0.19134   2.40000
   0.46194  -0.19134   2.60000
   0.46194  -0.19134   2.80000
   0.46194  -0.19134   3.00000
   0.46194  -0.19134   3.20000
   0.46194  -0.19134   3.40000
   0.46194  -0.19134   3.60000
   0.46194  -0.19134   3.80000
   0.46194  -0.19134   4.00000
   0.46194  -0.19134   4.20000
   0.46194  -0.19134   4.40000
   0.46194  -0.19134   4.60000
   0.46194  -0.19134   4.80000



IEN=
     12     13     11     14
     14      3      4     12
     14      9      1      3
     11     10      9     14
     11      6      5     10
     13      7      6     11
     12      8      7     13
      4      2      8     12
     26     27     25     28
     28     17     18     26
     28     23     15     17
     25     24     23     28
     25     20     19     24
     27     21     20     25
     26     22     21     27
     18     16     22     26
      5      6     77     53
      6      7    101     77
      7      8    125    101
      8      2     29    125
     53     77     78     54
     77    101    102     78
    101    125    126    102
    125     29     30    126
     54     78     79     55
     78    102    103     79
    102    126    127    103
    126     30     31    127
     55     79     80     56
     79    103    104     80
    103    127    128    104
    127     31     32    128
     56     80     81     57
     80    104    105     81
    104    128    129    105
    128     32     33    129
     57     81     82     58
     81    105    106     82
    105    129    130    106
    129     33     34    130
     58     82     83     59
     82    106    107     83
    106    130    131    107
    130     34     35    131
     59     83     84     60
     83    107    108     84
    107    131    132    108
    131     35     36    132
     60     84     85     61
     84    108    109     85
    108    132    133    109
    132     36     37    133
     61     85     86     62
     85    109    110     86
    109    133    134    110
    133     37     38    134
     62     86     87     63
     86    110    111     87
    110    134    135    111
    134     38     39    135
     63     87     88     64
     87    111    112     88
    111    135    136    112
    135     39     40    136
     64     88     89     65
     88    112    113     89
    112    136    137    113
    136     40     41    137
     65     89     90     66
     89    113    114     90
    113    137    138    114
    137     41     42    138
     66     90     91     67
     90    114    115     91
    114    138    139    115
    138     42     43    139
     67     91     92     68
     91    115    116     92
    115    139    140    116
    139     43     44    140
     68     92     93     69
     92    116    117     93
    116    140    141    117
    140     44     45    141
     69     93     94     70
     93    117    118     94
    117    141    142    118
    141     45     46    142
     70     94     95     71
     94    118    119     95
    118    142    143    119
    142     46     47    143
     71     95     96     72
     95    119    120     96
    119    143    144    120
    143     47     48    144
     72     96     97     73
     96    120    121     97
    120    144    145    121
    144     48     49    145
     73     97     98     74
     97    121    122     98
    121    145    146    122
    145     49     50    146
     74     98     99     75
     98    122    123     99
    122    146    147    123
    146     50     51    147
     75     99    100     76
     99    123    124    100
    123    147    148    124
    147     51     52    148
     76    100     22     16
    100    124     21     22
    124    148     20     21
    148     52     19     20
    157    156    158    155
      3    158    156      4
    153    158      3      1
    154    155    158    153
    150    155    154    149
    151    157    155    150
    152    156    157    151
      2      4    156    152
    167    166    168    165
    160    168    166    161
     23    168    160     15
     24    165    168     23
    162    165     24     19
    163    167    165    162
    164    166    167    163
    159    161    166    164
    150    149    169    193
    151    150    193    217
    152    151    217    241
      2    152    241     29
    193    169    170    194
    217    193    194    218
    241    217    218    242
     29    241    242     30
    194    170    171    195
    218    194    195    219
    242    218    219    243
     30    242    243     31
    195    171    172    196
    219    195    196    220
    243    219    220    244
     31    243    244     32
    196    172    173    197
    220    196    197    221
    244    220    221    245
     32    244    245     33
    197    173    174    198
    221    197    198    222
    245    221    222    246
     33    245    246     34
    198    174    175    199
    222    198    199    223
    246    222    223    247
     34    246    247     35
    199    175    176    200
    223    199    200    224
    247    223    224    248
     35    247    248     36
    200    176    177    201
    224    200    201    225
    248    224    225    249
     36    248    249     37
    201    177    178    202
    225    201    202    226
    249    225    226    250
     37    249    250     38
    202    178    179    203
    226    202    203    227
    250    226    227    251
     38    250    251     39
    203    179    180    204
    227    203    204    228
    251    227    228    252
     39    251    252     40
    204    180    181    205
    228    204    205    229
    252    228    229    253
     40    252    253     41
    205    181    182    206
    229    205    206    230
    253    229    230    254
     41    253    254     42
    206    182    183    207
    230    206    207    231
    254    230    231    255
     42    254    255     43
    207    183    184    208
    231    207    208    232
    255    231    232    256
     43    255    256     44
    208    184    185    209
    232    208    209    233
    256    232    233    257
     44    256    257     45
    209    185    186    210
    233    209    210    234
    257    233    234    258
     45    257    258     46
    210    186    187    211
    234    210    211    235
    258    234    235    259
     46    258    259     47
    211    187    188    212
    235    211    212    236
    259    235    236    260
     47    259    260     48
    212    188    189    213
    236    212    213    237
    260    236    237    261
     48    260    261     49
    213    189    190    214
    237    213    214    238
    261    237    238    262
     49    261    262     50
    214    190    191    215
    238    214    215    239
    262    238    239    263
     50    262    263     51
    215    191    192    216
    239    215    216    240
    263    239    240    264
     51    263    264     52
    216    192    159    164
    240    216    164    163
    264    240    163    162
     52    264    162     19
    273    272    274    271
    266    274    272    267
      9    274    266      1
     10    271    274      9
    268    271     10      5
    269    273    271    268
    270    272    273    269
    265    267    272    270
    283    282    284    281
     17    284    282     18
    279    284     17     15
    280    281    284    279
    276    281    280    275
    277    283    281    276
    278    282    283    277
     16     18    282    278
    268      5     53    309
    269    268    309    333
    270    269    333    357
    265    270    357    285
    309     53     54    310
    333    309    310    334
    357    333    334    358
    285    357    358    286
    310     54     55    311
    334    310    311    335
    358    334    335    359
    286    358    359    287
    311     55     56    312
    335    311    312    336
    359    335    336    360
    287    359    360    288
    312     56     57    313
    336    312    313    337
    360    336    337    361
    288    360    361    289
    313     57     58    314
    337    313    314    338
    361    337    338    362
    289    361    362    290
    314     58     59    315
    338    314    315    339
    362    338    339    363
    290    362    363    291
    315     59     60    316
    339    315    316    340
    363    339    340    364
    291    363    364    292
    316     60     61    317
    340    316    317    341
    364    340    341    365
    292    364    365    293
    317     61     62    318
    341    317    318    342
    365    341    342    366
    293    365    366    294
    318     62     63    319
    342    318    319    343
    366    342    343    367
    294    366    367    295
    319     63     64    320
    343    319    320    344
    367    343    344    368
    295    367    368    296
    320     64     65    321
    344    320    321    345
    368    344    345    369
    296    368    369    297
    321     65     66    322
    345    321    322    346
    369    345    346    370
    297    369    370    298
    322     66     67    323
    346    322    323    347
    370    346    347    371
    298    370    371    299
    323     67     68    324
    347    323    324    348
    371    347    348    372
    299    371    372    300
    324     68     69    325
    348    324    325    349
    372    348    349    373
    300    372    373    301
    325     69     70    326
    349    325    326    350
    373    349    350    374
    301    373    374    302
    326     70     71    327
    350    326    327    351
    374    350    351    375
    302    374    375    303
    327     71     72    328
    351    327    328    352
    375    351    352    376
    303    375    376    304
    328     72     73    329
    352    328    329    353
    376    352    353    377
    304    376    377    305
    329     73     74    330
    353    329    330    354
    377    353    354    378
    305    377    378    306
    330     74     75    331
    354    330    331    355
    378    354    355    379
    306    378    379    307
    331     75     76    332
    355    331    332    356
    379    355    356    380
    307    379    380    308
    332     76     16    278
    356    332    278    277
    380    356    277    276
    308    380    276    275
    385    386    384    387
    387    266    267    385
    387    153      1    266
    384    154    153    387
    384    381    149    154
    386    382    381    384
    385    383    382    386
    267    265    383    385
    392    393    391    394
    394    160    161    392
    394    279     15    160
    391    280    279    394
    391    388    275    280
    393    389    388    391
    392    390    389    393
    161    159    390    392
    149    381    395    169
    381    382    419    395
    382    383    443    419
    383    265    285    443
    169    395    396    170
    395    419    420    396
    419    443    444    420
    443    285    286    444
    170    396    397    171
    396    420    421    397
    420    444    445    421
    444    286    287    445
    171    397    398    172
    397    421    422    398
    421    445    446    422
    445    287    288    446
    172    398    399    173
    398    422    423    399
    422    446    447    423
    446    288    289    447
    173    399    400    174
    399    423    424    400
    423    447    448    424
    447    289    290    448
    174    400    401    175
    400    424    425    401
    424    448    449    425
    448    290    291    449
    175    401    402    176
    401    425    426    402
    425    449    450    426
    449    291    292    450
    176    402    403    177
    402    426    427    403
    426    450    451    427
    450    292    293    451
    177    403    404    178
    403    427    428    404
    427    451    452    428
    451    293    294    452
    178    404    405    179
    404    428    429    405
    428    452    453    429
    452    294    295    453
    179    405    406    180
    405    429    430    406
    429    453    454    430
    453    295    296    454
    180    406    407    181
    406    430    431    407
    430    454    455    431
    454    296    297    455
    181    407    408    182
    407    431    432    408
    431    455    456    432
    455    297    298    456
    182    408    409    183
    408    432    433    409
    432    456    457    433
    456    298    299    457
    183    409    410    184
    409    433    434    410
    433    457    458    434
    457    299    300    458
    184    410    411    185
    410    434    435    411
    434    458    459    435
    458    300    301    459
    185    411    412    186
    411    435    436    412
    435    459    460    436
    459    301    302    460
    186    412    413    187
    412    436    437    413
    436    460    461    437
    460    302    303    461
    187    413    414    188
    413    437    438    414
    437    461    462    438
    461    303    304    462
    188    414    415    189
    414    438    439    415
    438    462    463    439
    462    304    305    463
    189    415    416    190
    415    439    440    416
    439    463    464    440
    463    305    306    464
    190    416    417    191
    416    440    441    417
    440    464    465    441
    464    306    307    465
    191    417    418    192
    417    441    442    418
    441    465    466    442
    465    307    308    466
    192    418    390    159
    418    442    389    390
    442    466    388    389
    466    308    275    388 


UBC_num=123;
UBC_dof=
1,2,3,4,5,6,7,8,9,10
11,12,13,14,15,16,17,18,19,20
21,22,23,24,25,26,27,28,29,30
31,32,33,34,35,36,37,38,39,40
41,42,445,446,447,448,449,450,451,452
453,454,455,456,457,458,459,460,461,462
463,464,465,466,467,468,469,470,471,472
473,474,793,794,795,796,797,798,799,800
801,802,803,804,805,806,807,808,809,810
811,812,813,814,815,816,817,818,819,820
821,822,1141,1142,1143,1144,1145,1146,1147,1148
1149,1150,1151,1152,1153,1154,1155,1156,1157,1158
1159,1160,1161

UBC_values=
	0,0,0,0,0,0,0,0,0,0
	0,0,0,0,0,0,0,0,0,0
	0,0,0,0,0,0,0,0,0,0
	0,0,0,0,0,0,0,0,0,0
	0,0,0,0,0,0,0,0,0,0
	0,0,0,0,0,0,0,0,0,0
	0,0,0,0,0,0,0,0,0,0
	0,0,0,0,0,0,0,0,0,0
	0,0,0,0,0,0,0,0,0,0
	0,0,0,0,0,0,0,0,0,0
	0,0,0,0,0,0,0,0,0,0
	0,0,0,0,0,0,0,0,0,0
	0,0,0



FBC_num=41;
FBC_dof=
45,48,51,54,57,60,63,66,69,72
75,78,81,84,477,480,483,486,489,492
495,498,501,504,825,828,831,834,837,840
843,846,849,852,1164,1167,1170,1173,1176,1179
1182

FBC_values=
	1,1,1,1,1,1,1,1,1,1
	1,1,1,1,1,1,1,1,1,1
	1,1,1,1,1,1,1,1,1,1
	1,1,1,1,1,1,1,1,1,1
	1
