numstep=1000;
dt=2e-4;
interpolation=4;
nq=6;

E=1e6;
nu=0;
density=1;

sd=3;
nnd=498;
EType=1;
nel=464;

nodes=
   0.00000   0.00000   0.00000
  -0.50000   0.00000   0.00000
  -0.16667   0.00000   0.00000
  -0.33333   0.00000   0.00000
   0.00000   0.50000   0.00000
  -0.19134   0.46194   0.00000
  -0.35355   0.35355   0.00000
  -0.46194   0.19134   0.00000
   0.00000   0.16667   0.00000
   0.00000   0.33333   0.00000
  -0.14386   0.29911   0.00000
  -0.29684   0.14702   0.00000
  -0.26580   0.26685   0.00000
  -0.14441   0.14515   0.00000
   0.00000   0.00000   5.00000
   0.00000   0.50000   5.00000
   0.00000   0.16667   5.00000
   0.00000   0.33333   5.00000
  -0.50000   0.00000   5.00000
  -0.46194   0.19134   5.00000
  -0.35355   0.35355   5.00000
  -0.19134   0.46194   5.00000
  -0.16667   0.00000   5.00000
  -0.33333   0.00000   5.00000
  -0.29913   0.14384   5.00000
  -0.14704   0.29683   5.00000
  -0.26688   0.26579   5.00000
  -0.14516   0.14441   5.00000
   0.00000   0.50000   0.00000
  -0.50000   0.00000   0.00000
  -0.19134   0.46194   0.00000
  -0.35355   0.35355   0.00000
  -0.46194   0.19134   0.00000
  -0.50000   0.00000   5.00000
  -0.50000   0.00000   0.20000
  -0.50000   0.00000   0.40000
  -0.50000   0.00000   0.60000
  -0.50000   0.00000   0.80000
  -0.50000   0.00000   1.00000
  -0.50000   0.00000   1.20000
  -0.50000   0.00000   1.40000
  -0.50000   0.00000   1.60000
  -0.50000   0.00000   1.80000
  -0.50000   0.00000   2.00000
  -0.50000   0.00000   2.20000
  -0.50000   0.00000   2.40000
  -0.50000   0.00000   2.60000
  -0.50000   0.00000   2.80000
  -0.50000   0.00000   3.00000
  -0.50000   0.00000   3.20000
  -0.50000   0.00000   3.40000
  -0.50000   0.00000   3.60000
  -0.50000   0.00000   3.80000
  -0.50000   0.00000   4.00000
  -0.50000   0.00000   4.20000
  -0.50000   0.00000   4.40000
  -0.50000   0.00000   4.60000
  -0.50000   0.00000   4.80000
   0.00000   0.50000   5.00000
  -0.19134   0.46194   5.00000
  -0.35355   0.35355   5.00000
  -0.46194   0.19134   5.00000
   0.00000   0.50000   0.20000
   0.00000   0.50000   0.40000
   0.00000   0.50000   0.60000
   0.00000   0.50000   0.80000
   0.00000   0.50000   1.00000
   0.00000   0.50000   1.20000
   0.00000   0.50000   1.40000
   0.00000   0.50000   1.60000
   0.00000   0.50000   1.80000
   0.00000   0.50000   2.00000
   0.00000   0.50000   2.20000
   0.00000   0.50000   2.40000
   0.00000   0.50000   2.60000
   0.00000   0.50000   2.80000
   0.00000   0.50000   3.00000
   0.00000   0.50000   3.20000
   0.00000   0.50000   3.40000
   0.00000   0.50000   3.60000
   0.00000   0.50000   3.80000
   0.00000   0.50000   4.00000
   0.00000   0.50000   4.20000
   0.00000   0.50000   4.40000
   0.00000   0.50000   4.60000
   0.00000   0.50000   4.80000
  -0.19134   0.46194   0.20000
  -0.19134   0.46194   0.40000
  -0.19134   0.46194   0.60000
  -0.19134   0.46194   0.80000
  -0.19134   0.46194   1.00000
  -0.19134   0.46194   1.20000
  -0.19134   0.46194   1.40000
  -0.19134   0.46194   1.60000
  -0.19134   0.46194   1.80000
  -0.19134   0.46194   2.00000
  -0.19134   0.46194   2.20000
  -0.19134   0.46194   2.40000
  -0.19134   0.46194   2.60000
  -0.19134   0.46194   2.80000
  -0.19134   0.46194   3.00000
  -0.19134   0.46194   3.20000
  -0.19134   0.46194   3.40000
  -0.19134   0.46194   3.60000
  -0.19134   0.46194   3.80000
  -0.19134   0.46194   4.00000
  -0.19134   0.46194   4.20000
  -0.19134   0.46194   4.40000
  -0.19134   0.46194   4.60000
  -0.19134   0.46194   4.80000
  -0.35355   0.35355   0.20000
  -0.35355   0.35355   0.40000
  -0.35355   0.35355   0.60000
  -0.35355   0.35355   0.80000
  -0.35355   0.35355   1.00000
  -0.35355   0.35355   1.20000
  -0.35355   0.35355   1.40000
  -0.35355   0.35355   1.60000
  -0.35355   0.35355   1.80000
  -0.35355   0.35355   2.00000
  -0.35355   0.35355   2.20000
  -0.35355   0.35355   2.40000
  -0.35355   0.35355   2.60000
  -0.35355   0.35355   2.80000
  -0.35355   0.35355   3.00000
  -0.35355   0.35355   3.20000
  -0.35355   0.35355   3.40000
  -0.35355   0.35355   3.60000
  -0.35355   0.35355   3.80000
  -0.35355   0.35355   4.00000
  -0.35355   0.35355   4.20000
  -0.35355   0.35355   4.40000
  -0.35355   0.35355   4.60000
  -0.35355   0.35355   4.80000
  -0.46194   0.19134   0.20000
  -0.46194   0.19134   0.40000
  -0.46194   0.19134   0.60000
  -0.46194   0.19134   0.80000
  -0.46194   0.19134   1.00000
  -0.46194   0.19134   1.20000
  -0.46194   0.19134   1.40000
  -0.46194   0.19134   1.60000
  -0.46194   0.19134   1.80000
  -0.46194   0.19134   2.00000
  -0.46194   0.19134   2.20000
  -0.46194   0.19134   2.40000
  -0.46194   0.19134   2.60000
  -0.46194   0.19134   2.80000
  -0.46194   0.19134   3.00000
  -0.46194   0.19134   3.20000
  -0.46194   0.19134   3.40000
  -0.46194   0.19134   3.60000
  -0.46194   0.19134   3.80000
  -0.46194   0.19134   4.00000
  -0.46194   0.19134   4.20000
  -0.46194   0.19134   4.40000
  -0.46194   0.19134   4.60000
  -0.46194   0.19134   4.80000
   0.00000  -0.50000   0.00000
  -0.19134  -0.46194   0.00000
  -0.35355  -0.35355   0.00000
  -0.46194  -0.19134   0.00000
   0.00000  -0.16667   0.00000
   0.00000  -0.33333   0.00000
  -0.14386  -0.29911   0.00000
  -0.29684  -0.14702   0.00000
  -0.26580  -0.26685   0.00000
  -0.14441  -0.14515   0.00000
   0.00000  -0.50000   5.00000
   0.00000  -0.16667   5.00000
   0.00000  -0.33333   5.00000
  -0.46194  -0.19134   5.00000
  -0.35355  -0.35355   5.00000
  -0.19134  -0.46194   5.00000
  -0.29913  -0.14384   5.00000
  -0.14704  -0.29683   5.00000
  -0.26688  -0.26579   5.00000
  -0.14516  -0.14441   5.00000
   0.00000  -0.50000   0.00000
  -0.19134  -0.46194   0.00000
  -0.35355  -0.35355   0.00000
  -0.46194  -0.19134   0.00000
   0.00000  -0.50000   5.00000
  -0.19134  -0.46194   5.00000
  -0.35355  -0.35355   5.00000
  -0.46194  -0.19134   5.00000
   0.00000  -0.50000   0.20000
   0.00000  -0.50000   0.40000
   0.00000  -0.50000   0.60000
   0.00000  -0.50000   0.80000
   0.00000  -0.50000   1.00000
   0.00000  -0.50000   1.20000
   0.00000  -0.50000   1.40000
   0.00000  -0.50000   1.60000
   0.00000  -0.50000   1.80000
   0.00000  -0.50000   2.00000
   0.00000  -0.50000   2.20000
   0.00000  -0.50000   2.40000
   0.00000  -0.50000   2.60000
   0.00000  -0.50000   2.80000
   0.00000  -0.50000   3.00000
   0.00000  -0.50000   3.20000
   0.00000  -0.50000   3.40000
   0.00000  -0.50000   3.60000
   0.00000  -0.50000   3.80000
   0.00000  -0.50000   4.00000
   0.00000  -0.50000   4.20000
   0.00000  -0.50000   4.40000
   0.00000  -0.50000   4.60000
   0.00000  -0.50000   4.80000
  -0.19134  -0.46194   0.20000
  -0.19134  -0.46194   0.40000
  -0.19134  -0.46194   0.60000
  -0.19134  -0.46194   0.80000
  -0.19134  -0.46194   1.00000
  -0.19134  -0.46194   1.20000
  -0.19134  -0.46194   1.40000
  -0.19134  -0.46194   1.60000
  -0.19134  -0.46194   1.80000
  -0.19134  -0.46194   2.00000
  -0.19134  -0.46194   2.20000
  -0.19134  -0.46194   2.40000
  -0.19134  -0.46194   2.60000
  -0.19134  -0.46194   2.80000
  -0.19134  -0.46194   3.00000
  -0.19134  -0.46194   3.20000
  -0.19134  -0.46194   3.40000
  -0.19134  -0.46194   3.60000
  -0.19134  -0.46194   3.80000
  -0.19134  -0.46194   4.00000
  -0.19134  -0.46194   4.20000
  -0.19134  -0.46194   4.40000
  -0.19134  -0.46194   4.60000
  -0.19134  -0.46194   4.80000
  -0.35355  -0.35355   0.20000
  -0.35355  -0.35355   0.40000
  -0.35355  -0.35355   0.60000
  -0.35355  -0.35355   0.80000
  -0.35355  -0.35355   1.00000
  -0.35355  -0.35355   1.20000
  -0.35355  -0.35355   1.40000
  -0.35355  -0.35355   1.60000
  -0.35355  -0.35355   1.80000
  -0.35355  -0.35355   2.00000
  -0.35355  -0.35355   2.20000
  -0.35355  -0.35355   2.40000
  -0.35355  -0.35355   2.60000
  -0.35355  -0.35355   2.80000
  -0.35355  -0.35355   3.00000
  -0.35355  -0.35355   3.20000
  -0.35355  -0.35355   3.40000
  -0.35355  -0.35355   3.60000
  -0.35355  -0.35355   3.80000
  -0.35355  -0.35355   4.00000
  -0.35355  -0.35355   4.20000
  -0.35355  -0.35355   4.40000
  -0.35355  -0.35355   4.60000
  -0.35355  -0.35355   4.80000
  -0.46194  -0.19134   0.20000
  -0.46194  -0.19134   0.40000
  -0.46194  -0.19134   0.60000
  -0.46194  -0.19134   0.80000
  -0.46194  -0.19134   1.00000
  -0.46194  -0.19134   1.20000
  -0.46194  -0.19134   1.40000
  -0.46194  -0.19134   1.60000
  -0.46194  -0.19134   1.80000
  -0.46194  -0.19134   2.00000
  -0.46194  -0.19134   2.20000
  -0.46194  -0.19134   2.40000
  -0.46194  -0.19134   2.60000
  -0.46194  -0.19134   2.80000
  -0.46194  -0.19134   3.00000
  -0.46194  -0.19134   3.20000
  -0.46194  -0.19134   3.40000
  -0.46194  -0.19134   3.60000
  -0.46194  -0.19134   3.80000
  -0.46194  -0.19134   4.00000
  -0.46194  -0.19134   4.20000
  -0.46194  -0.19134   4.40000
  -0.46194  -0.19134   4.60000
  -0.46194  -0.19134   4.80000
   0.50000   0.00000   0.00000
   0.16667   0.00000   0.00000
   0.33333   0.00000   0.00000
   0.19134   0.46194   0.00000
   0.35355   0.35355   0.00000
   0.46194   0.19134   0.00000
   0.14386   0.29911   0.00000
   0.29684   0.14702   0.00000
   0.26580   0.26685   0.00000
   0.14441   0.14515   0.00000
   0.50000   0.00000   5.00000
   0.46194   0.19134   5.00000
   0.35355   0.35355   5.00000
   0.19134   0.46194   5.00000
   0.16667   0.00000   5.00000
   0.33333   0.00000   5.00000
   0.29913   0.14384   5.00000
   0.14704   0.29683   5.00000
   0.26688   0.26579   5.00000
   0.14516   0.14441   5.00000
   0.50000   0.00000   0.00000
   0.19134   0.46194   0.00000
   0.35355   0.35355   0.00000
   0.46194   0.19134   0.00000
   0.50000   0.00000   5.00000
   0.50000   0.00000   0.20000
   0.50000   0.00000   0.40000
   0.50000   0.00000   0.60000
   0.50000   0.00000   0.80000
   0.50000   0.00000   1.00000
   0.50000   0.00000   1.20000
   0.50000   0.00000   1.40000
   0.50000   0.00000   1.60000
   0.50000   0.00000   1.80000
   0.50000   0.00000   2.00000
   0.50000   0.00000   2.20000
   0.50000   0.00000   2.40000
   0.50000   0.00000   2.60000
   0.50000   0.00000   2.80000
   0.50000   0.00000   3.00000
   0.50000   0.00000   3.20000
   0.50000   0.00000   3.40000
   0.50000   0.00000   3.60000
   0.50000   0.00000   3.80000
   0.50000   0.00000   4.00000
   0.50000   0.00000   4.20000
   0.50000   0.00000   4.40000
   0.50000   0.00000   4.60000
   0.50000   0.00000   4.80000
   0.19134   0.46194   5.00000
   0.35355   0.35355   5.00000
   0.46194   0.19134   5.00000
   0.19134   0.46194   0.20000
   0.19134   0.46194   0.40000
   0.19134   0.46194   0.60000
   0.19134   0.46194   0.80000
   0.19134   0.46194   1.00000
   0.19134   0.46194   1.20000
   0.19134   0.46194   1.40000
   0.19134   0.46194   1.60000
   0.19134   0.46194   1.80000
   0.19134   0.46194   2.00000
   0.19134   0.46194   2.20000
   0.19134   0.46194   2.40000
   0.19134   0.46194   2.60000
   0.19134   0.46194   2.80000
   0.19134   0.46194   3.00000
   0.19134   0.46194   3.20000
   0.19134   0.46194   3.40000
   0.19134   0.46194   3.60000
   0.19134   0.46194   3.80000
   0.19134   0.46194   4.00000
   0.19134   0.46194   4.20000
   0.19134   0.46194   4.40000
   0.19134   0.46194   4.60000
   0.19134   0.46194   4.80000
   0.35355   0.35355   0.20000
   0.35355   0.35355   0.40000
   0.35355   0.35355   0.60000
   0.35355   0.35355   0.80000
   0.35355   0.35355   1.00000
   0.35355   0.35355   1.20000
   0.35355   0.35355   1.40000
   0.35355   0.35355   1.60000
   0.35355   0.35355   1.80000
   0.35355   0.35355   2.00000
   0.35355   0.35355   2.20000
   0.35355   0.35355   2.40000
   0.35355   0.35355   2.60000
   0.35355   0.35355   2.80000
   0.35355   0.35355   3.00000
   0.35355   0.35355   3.20000
   0.35355   0.35355   3.40000
   0.35355   0.35355   3.60000
   0.35355   0.35355   3.80000
   0.35355   0.35355   4.00000
   0.35355   0.35355   4.20000
   0.35355   0.35355   4.40000
   0.35355   0.35355   4.60000
   0.35355   0.35355   4.80000
   0.46194   0.19134   0.20000
   0.46194   0.19134   0.40000
   0.46194   0.19134   0.60000
   0.46194   0.19134   0.80000
   0.46194   0.19134   1.00000
   0.46194   0.19134   1.20000
   0.46194   0.19134   1.40000
   0.46194   0.19134   1.60000
   0.46194   0.19134   1.80000
   0.46194   0.19134   2.00000
   0.46194   0.19134   2.20000
   0.46194   0.19134   2.40000
   0.46194   0.19134   2.60000
   0.46194   0.19134   2.80000
   0.46194   0.19134   3.00000
   0.46194   0.19134   3.20000
   0.46194   0.19134   3.40000
   0.46194   0.19134   3.60000
   0.46194   0.19134   3.80000
   0.46194   0.19134   4.00000
   0.46194   0.19134   4.20000
   0.46194   0.19134   4.40000
   0.46194   0.19134   4.60000
   0.46194   0.19134   4.80000
   0.19134  -0.46194   0.00000
   0.35355  -0.35355   0.00000
   0.46194  -0.19134   0.00000
   0.14386  -0.29911   0.00000
   0.29684  -0.14702   0.00000
   0.26580  -0.26685   0.00000
   0.14441  -0.14515   0.00000
   0.46194  -0.19134   5.00000
   0.35355  -0.35355   5.00000
   0.19134  -0.46194   5.00000
   0.29913  -0.14384   5.00000
   0.14704  -0.29683   5.00000
   0.26688  -0.26579   5.00000
   0.14516  -0.14441   5.00000
   0.19134  -0.46194   0.00000
   0.35355  -0.35355   0.00000
   0.46194  -0.19134   0.00000
   0.19134  -0.46194   5.00000
   0.35355  -0.35355   5.00000
   0.46194  -0.19134   5.00000
   0.19134  -0.46194   0.20000
   0.19134  -0.46194   0.40000
   0.19134  -0.46194   0.60000
   0.19134  -0.46194   0.80000
   0.19134  -0.46194   1.00000
   0.19134  -0.46194   1.20000
   0.19134  -0.46194   1.40000
   0.19134  -0.46194   1.60000
   0.19134  -0.46194   1.80000
   0.19134  -0.46194   2.00000
   0.19134  -0.46194   2.20000
   0.19134  -0.46194   2.40000
   0.19134  -0.46194   2.60000
   0.19134  -0.46194   2.80000
   0.19134  -0.46194   3.00000
   0.19134  -0.46194   3.20000
   0.19134  -0.46194   3.40000
   0.19134  -0.46194   3.60000
   0.19134  -0.46194   3.80000
   0.19134  -0.46194   4.00000
   0.19134  -0.46194   4.20000
   0.19134  -0.46194   4.40000
   0.19134  -0.46194   4.60000
   0.19134  -0.46194   4.80000
   0.35355  -0.35355   0.20000
   0.35355  -0.35355   0.40000
   0.35355  -0.35355   0.60000
   0.35355  -0.35355   0.80000
   0.35355  -0.35355   1.00000
   0.35355  -0.35355   1.20000
   0.35355  -0.35355   1.40000
   0.35355  -0.35355   1.60000
   0.35355  -0.35355   1.80000
   0.35355  -0.35355   2.00000
   0.35355  -0.35355   2.20000
   0.35355  -0.35355   2.40000
   0.35355  -0.35355   2.60000
   0.35355  -0.35355   2.80000
   0.35355  -0.35355   3.00000
   0.35355  -0.35355   3.20000
   0.35355  -0.35355   3.40000
   0.35355  -0.35355   3.60000
   0.35355  -0.35355   3.80000
   0.35355  -0.35355   4.00000
   0.35355  -0.35355   4.20000
   0.35355  -0.35355   4.40000
   0.35355  -0.35355   4.60000
   0.35355  -0.35355   4.80000
   0.46194  -0.19134   0.20000
   0.46194  -0.19134   0.40000
   0.46194  -0.19134   0.60000
   0.46194  -0.19134   0.80000
   0.46194  -0.19134   1.00000
   0.46194  -0.19134   1.20000
   0.46194  -0.19134   1.40000
   0.46194  -0.19134   1.60000
   0.46194  -0.19134   1.80000
   0.46194  -0.19134   2.00000
   0.46194  -0.19134   2.20000
   0.46194  -0.19134   2.40000
   0.46194  -0.19134   2.60000
   0.46194  -0.19134   2.80000
   0.46194  -0.19134   3.00000
   0.46194  -0.19134   3.20000
   0.46194  -0.19134   3.40000
   0.46194  -0.19134   3.60000
   0.46194  -0.19134   3.80000
   0.46194  -0.19134   4.00000
   0.46194  -0.19134   4.20000
   0.46194  -0.19134   4.40000
   0.46194  -0.19134   4.60000
   0.46194  -0.19134   4.80000



IEN=
     12     13     11     14
     14      3      4     12
     14      9      1      3
     11     10      9     14
     11      6      5     10
     13      7      6     11
     12      8      7     13
      4      2      8     12
     26     27     25     28
     28     17     18     26
     28     23     15     17
     25     24     23     28
     25     20     19     24
     27     21     20     25
     26     22     21     27
     18     16     22     26
     29     31     87     63
     31     32    111     87
     32     33    135    111
     33     30     35    135
     63     87     88     64
     87    111    112     88
    111    135    136    112
    135     35     36    136
     64     88     89     65
     88    112    113     89
    112    136    137    113
    136     36     37    137
     65     89     90     66
     89    113    114     90
    113    137    138    114
    137     37     38    138
     66     90     91     67
     90    114    115     91
    114    138    139    115
    138     38     39    139
     67     91     92     68
     91    115    116     92
    115    139    140    116
    139     39     40    140
     68     92     93     69
     92    116    117     93
    116    140    141    117
    140     40     41    141
     69     93     94     70
     93    117    118     94
    117    141    142    118
    141     41     42    142
     70     94     95     71
     94    118    119     95
    118    142    143    119
    142     42     43    143
     71     95     96     72
     95    119    120     96
    119    143    144    120
    143     43     44    144
     72     96     97     73
     96    120    121     97
    120    144    145    121
    144     44     45    145
     73     97     98     74
     97    121    122     98
    121    145    146    122
    145     45     46    146
     74     98     99     75
     98    122    123     99
    122    146    147    123
    146     46     47    147
     75     99    100     76
     99    123    124    100
    123    147    148    124
    147     47     48    148
     76    100    101     77
    100    124    125    101
    124    148    149    125
    148     48     49    149
     77    101    102     78
    101    125    126    102
    125    149    150    126
    149     49     50    150
     78    102    103     79
    102    126    127    103
    126    150    151    127
    150     50     51    151
     79    103    104     80
    103    127    128    104
    127    151    152    128
    151     51     52    152
     80    104    105     81
    104    128    129    105
    128    152    153    129
    152     52     53    153
     81    105    106     82
    105    129    130    106
    129    153    154    130
    153     53     54    154
     82    106    107     83
    106    130    131    107
    130    154    155    131
    154     54     55    155
     83    107    108     84
    107    131    132    108
    131    155    156    132
    155     55     56    156
     84    108    109     85
    108    132    133    109
    132    156    157    133
    156     56     57    157
     85    109    110     86
    109    133    134    110
    133    157    158    134
    157     57     58    158
     86    110     60     59
    110    134     61     60
    134    158     62     61
    158     58     34     62
    167    166    168    165
      3    168    166      4
    163    168      3      1
    164    165    168    163
    160    165    164    159
    161    167    165    160
    162    166    167    161
      2      4    166    162
    177    176    178    175
    170    178    176    171
     23    178    170     15
     24    175    178     23
    172    175     24     19
    173    177    175    172
    174    176    177    173
    169    171    176    174
    180    179    187    211
    181    180    211    235
    182    181    235    259
     30    182    259     35
    211    187    188    212
    235    211    212    236
    259    235    236    260
     35    259    260     36
    212    188    189    213
    236    212    213    237
    260    236    237    261
     36    260    261     37
    213    189    190    214
    237    213    214    238
    261    237    238    262
     37    261    262     38
    214    190    191    215
    238    214    215    239
    262    238    239    263
     38    262    263     39
    215    191    192    216
    239    215    216    240
    263    239    240    264
     39    263    264     40
    216    192    193    217
    240    216    217    241
    264    240    241    265
     40    264    265     41
    217    193    194    218
    241    217    218    242
    265    241    242    266
     41    265    266     42
    218    194    195    219
    242    218    219    243
    266    242    243    267
     42    266    267     43
    219    195    196    220
    243    219    220    244
    267    243    244    268
     43    267    268     44
    220    196    197    221
    244    220    221    245
    268    244    245    269
     44    268    269     45
    221    197    198    222
    245    221    222    246
    269    245    246    270
     45    269    270     46
    222    198    199    223
    246    222    223    247
    270    246    247    271
     46    270    271     47
    223    199    200    224
    247    223    224    248
    271    247    248    272
     47    271    272     48
    224    200    201    225
    248    224    225    249
    272    248    249    273
     48    272    273     49
    225    201    202    226
    249    225    226    250
    273    249    250    274
     49    273    274     50
    226    202    203    227
    250    226    227    251
    274    250    251    275
     50    274    275     51
    227    203    204    228
    251    227    228    252
    275    251    252    276
     51    275    276     52
    228    204    205    229
    252    228    229    253
    276    252    253    277
     52    276    277     53
    229    205    206    230
    253    229    230    254
    277    253    254    278
     53    277    278     54
    230    206    207    231
    254    230    231    255
    278    254    255    279
     54    278    279     55
    231    207    208    232
    255    231    232    256
    279    255    256    280
     55    279    280     56
    232    208    209    233
    256    232    233    257
    280    256    257    281
     56    280    281     57
    233    209    210    234
    257    233    234    258
    281    257    258    282
     57    281    282     58
    234    210    183    184
    258    234    184    185
    282    258    185    186
     58    282    186     34
    291    290    292    289
    284    292    290    285
      9    292    284      1
     10    289    292      9
    286    289     10      5
    287    291    289    286
    288    290    291    287
    283    285    290    288
    301    300    302    299
     17    302    300     18
    297    302     17     15
    298    299    302    297
    294    299    298    293
    295    301    299    294
    296    300    301    295
     16     18    300    296
    304     29     63    335
    305    304    335    359
    306    305    359    383
    303    306    383    308
    335     63     64    336
    359    335    336    360
    383    359    360    384
    308    383    384    309
    336     64     65    337
    360    336    337    361
    384    360    361    385
    309    384    385    310
    337     65     66    338
    361    337    338    362
    385    361    362    386
    310    385    386    311
    338     66     67    339
    362    338    339    363
    386    362    363    387
    311    386    387    312
    339     67     68    340
    363    339    340    364
    387    363    364    388
    312    387    388    313
    340     68     69    341
    364    340    341    365
    388    364    365    389
    313    388    389    314
    341     69     70    342
    365    341    342    366
    389    365    366    390
    314    389    390    315
    342     70     71    343
    366    342    343    367
    390    366    367    391
    315    390    391    316
    343     71     72    344
    367    343    344    368
    391    367    368    392
    316    391    392    317
    344     72     73    345
    368    344    345    369
    392    368    369    393
    317    392    393    318
    345     73     74    346
    369    345    346    370
    393    369    370    394
    318    393    394    319
    346     74     75    347
    370    346    347    371
    394    370    371    395
    319    394    395    320
    347     75     76    348
    371    347    348    372
    395    371    372    396
    320    395    396    321
    348     76     77    349
    372    348    349    373
    396    372    373    397
    321    396    397    322
    349     77     78    350
    373    349    350    374
    397    373    374    398
    322    397    398    323
    350     78     79    351
    374    350    351    375
    398    374    375    399
    323    398    399    324
    351     79     80    352
    375    351    352    376
    399    375    376    400
    324    399    400    325
    352     80     81    353
    376    352    353    377
    400    376    377    401
    325    400    401    326
    353     81     82    354
    377    353    354    378
    401    377    378    402
    326    401    402    327
    354     82     83    355
    378    354    355    379
    402    378    379    403
    327    402    403    328
    355     83     84    356
    379    355    356    380
    403    379    380    404
    328    403    404    329
    356     84     85    357
    380    356    357    381
    404    380    381    405
    329    404    405    330
    357     85     86    358
    381    357    358    382
    405    381    382    406
    330    405    406    331
    358     86     59    332
    382    358    332    333
    406    382    333    334
    331    406    334    307
    411    412    410    413
    413    284    285    411
    413    163      1    284
    410    164    163    413
    410    407    159    164
    412    408    407    410
    411    409    408    412
    285    283    409    411
    418    419    417    420
    420    170    171    418
    420    297     15    170
    417    298    297    420
    417    414    293    298
    419    415    414    417
    418    416    415    419
    171    169    416    418
    179    421    427    187
    421    422    451    427
    422    423    475    451
    423    303    308    475
    187    427    428    188
    427    451    452    428
    451    475    476    452
    475    308    309    476
    188    428    429    189
    428    452    453    429
    452    476    477    453
    476    309    310    477
    189    429    430    190
    429    453    454    430
    453    477    478    454
    477    310    311    478
    190    430    431    191
    430    454    455    431
    454    478    479    455
    478    311    312    479
    191    431    432    192
    431    455    456    432
    455    479    480    456
    479    312    313    480
    192    432    433    193
    432    456    457    433
    456    480    481    457
    480    313    314    481
    193    433    434    194
    433    457    458    434
    457    481    482    458
    481    314    315    482
    194    434    435    195
    434    458    459    435
    458    482    483    459
    482    315    316    483
    195    435    436    196
    435    459    460    436
    459    483    484    460
    483    316    317    484
    196    436    437    197
    436    460    461    437
    460    484    485    461
    484    317    318    485
    197    437    438    198
    437    461    462    438
    461    485    486    462
    485    318    319    486
    198    438    439    199
    438    462    463    439
    462    486    487    463
    486    319    320    487
    199    439    440    200
    439    463    464    440
    463    487    488    464
    487    320    321    488
    200    440    441    201
    440    464    465    441
    464    488    489    465
    488    321    322    489
    201    441    442    202
    441    465    466    442
    465    489    490    466
    489    322    323    490
    202    442    443    203
    442    466    467    443
    466    490    491    467
    490    323    324    491
    203    443    444    204
    443    467    468    444
    467    491    492    468
    491    324    325    492
    204    444    445    205
    444    468    469    445
    468    492    493    469
    492    325    326    493
    205    445    446    206
    445    469    470    446
    469    493    494    470
    493    326    327    494
    206    446    447    207
    446    470    471    447
    470    494    495    471
    494    327    328    495
    207    447    448    208
    447    471    472    448
    471    495    496    472
    495    328    329    496
    208    448    449    209
    448    472    473    449
    472    496    497    473
    496    329    330    497
    209    449    450    210
    449    473    474    450
    473    497    498    474
    497    330    331    498
    210    450    424    183
    450    474    425    424
    474    498    426    425
    498    331    307    426



UBC_num=123;
UBC_dof=
1,2,3,4,5,6,7,8,9,10
11,12,13,14,15,16,17,18,19,20
21,22,23,24,25,26,27,28,29,30
31,32,33,34,35,36,37,38,39,40
41,42,475,476,477,478,479,480,481,482
483,484,485,486,487,488,489,490,491,492
493,494,495,496,497,498,499,500,501,502
503,504,847,848,849,850,851,852,853,854
855,856,857,858,859,860,861,862,863,864
865,866,867,868,869,870,871,872,873,874
875,876,1219,1220,1221,1222,1223,1224,1225,1226
1227,1228,1229,1230,1231,1232,1233,1234,1235,1236
1237,1238,1239

UBC_values=
	0,0,0,0,0,0,0,0,0,0
	0,0,0,0,0,0,0,0,0,0
	0,0,0,0,0,0,0,0,0,0
	0,0,0,0,0,0,0,0,0,0
	0,0,0,0,0,0,0,0,0,0
	0,0,0,0,0,0,0,0,0,0
	0,0,0,0,0,0,0,0,0,0
	0,0,0,0,0,0,0,0,0,0
	0,0,0,0,0,0,0,0,0,0
	0,0,0,0,0,0,0,0,0,0
	0,0,0,0,0,0,0,0,0,0
	0,0,0,0,0,0,0,0,0,0
	0,0,0



FBC_num=41;
FBC_dof=
45,48,51,54,57,60,63,66,69,72
75,78,81,84,507,510,513,516,519,522
525,528,531,534,879,882,885,888,891,894
897,900,903,906,1242,1245,1248,1251,1254,1257
1260


FBC_values=
	1,1,1,1,1,1,1,1,1,1
	1,1,1,1,1,1,1,1,1,1
	1,1,1,1,1,1,1,1,1,1
	1,1,1,1,1,1,1,1,1,1
	1
