numstep=1000;
dt=2e-4;
interpolation=4;
nq=6;

E=1e6;
nu=0;
density=1;

sd=3;
nnd=1394;
EType=2;
nel=464;

nodes=
   0.00000   0.00000   0.00000
  -0.50000   0.00000   0.00000
  -0.08333   0.00000   0.00000
  -0.16667   0.00000   0.00000
  -0.25000   0.00000   0.00000
  -0.33333   0.00000   0.00000
  -0.41667   0.00000   0.00000
   0.00000   0.50000   0.00000
  -0.09755   0.49039   0.00000
  -0.19134   0.46194   0.00000
  -0.27779   0.41573   0.00000
  -0.35355   0.35355   0.00000
  -0.41573   0.27779   0.00000
  -0.46194   0.19134   0.00000
  -0.49039   0.09755   0.00000
   0.00000   0.08333   0.00000
   0.00000   0.16667   0.00000
   0.00000   0.25000   0.00000
   0.00000   0.33333   0.00000
   0.00000   0.41667   0.00000
  -0.37946   0.16954   0.00000
  -0.31516   0.07386   0.00000
  -0.07232   0.31609   0.00000
  -0.16799   0.38040   0.00000
  -0.28172   0.20736   0.00000
  -0.31001   0.31027   0.00000
  -0.20555   0.28292   0.00000
  -0.22138   0.14691   0.00000
  -0.07289   0.15638   0.00000
  -0.15622   0.07305   0.00000
  -0.14521   0.22248   0.00000
  -0.14464   0.29885   0.00000
  -0.29698   0.14773   0.00000
  -0.26646   0.26699   0.00000
  -0.14578   0.14610   0.00000
   0.00000   0.00000   5.00000
   0.00000   0.50000   5.00000
   0.00000   0.08333   5.00000
   0.00000   0.16667   5.00000
   0.00000   0.25000   5.00000
   0.00000   0.33333   5.00000
   0.00000   0.41667   5.00000
  -0.50000   0.00000   5.00000
  -0.49039   0.09755   5.00000
  -0.46194   0.19134   5.00000
  -0.41573   0.27779   5.00000
  -0.35355   0.35355   5.00000
  -0.27779   0.41573   5.00000
  -0.19134   0.46194   5.00000
  -0.09755   0.49039   5.00000
  -0.08333   0.00000   5.00000
  -0.16667   0.00000   5.00000
  -0.25000   0.00000   5.00000
  -0.33333   0.00000   5.00000
  -0.41667   0.00000   5.00000
  -0.16954   0.37945   5.00000
  -0.07387   0.31515   5.00000
  -0.31611   0.07231   5.00000
  -0.38041   0.16798   5.00000
  -0.20738   0.28171   5.00000
  -0.31028   0.31000   5.00000
  -0.28295   0.20554   5.00000
  -0.14693   0.22137   5.00000
  -0.15639   0.07289   5.00000
  -0.07305   0.15622   5.00000
  -0.22250   0.14520   5.00000
  -0.29888   0.14463   5.00000
  -0.14775   0.29697   5.00000
  -0.26701   0.26645   5.00000
  -0.14611   0.14577   5.00000
  -0.50000   0.00000   0.10000
  -0.50000   0.00000   0.20000
  -0.50000   0.00000   0.30000
  -0.50000   0.00000   0.40000
  -0.50000   0.00000   0.50000
  -0.50000   0.00000   0.60000
  -0.50000   0.00000   0.70000
  -0.50000   0.00000   0.80000
  -0.50000   0.00000   0.90000
  -0.50000   0.00000   1.00000
  -0.50000   0.00000   1.10000
  -0.50000   0.00000   1.20000
  -0.50000   0.00000   1.30000
  -0.50000   0.00000   1.40000
  -0.50000   0.00000   1.50000
  -0.50000   0.00000   1.60000
  -0.50000   0.00000   1.70000
  -0.50000   0.00000   1.80000
  -0.50000   0.00000   1.90000
  -0.50000   0.00000   2.00000
  -0.50000   0.00000   2.10000
  -0.50000   0.00000   2.20000
  -0.50000   0.00000   2.30000
  -0.50000   0.00000   2.40000
  -0.50000   0.00000   2.50000
  -0.50000   0.00000   2.60000
  -0.50000   0.00000   2.70000
  -0.50000   0.00000   2.80000
  -0.50000   0.00000   2.90000
  -0.50000   0.00000   3.00000
  -0.50000   0.00000   3.10000
  -0.50000   0.00000   3.20000
  -0.50000   0.00000   3.30000
  -0.50000   0.00000   3.40000
  -0.50000   0.00000   3.50000
  -0.50000   0.00000   3.60000
  -0.50000   0.00000   3.70000
  -0.50000   0.00000   3.80000
  -0.50000   0.00000   3.90000
  -0.50000   0.00000   4.00000
  -0.50000   0.00000   4.10000
  -0.50000   0.00000   4.20000
  -0.50000   0.00000   4.30000
  -0.50000   0.00000   4.40000
  -0.50000   0.00000   4.50000
  -0.50000   0.00000   4.60000
  -0.50000   0.00000   4.70000
  -0.50000   0.00000   4.80000
  -0.50000   0.00000   4.90000
   0.00000   0.50000   0.10000
   0.00000   0.50000   0.20000
   0.00000   0.50000   0.30000
   0.00000   0.50000   0.40000
   0.00000   0.50000   0.50000
   0.00000   0.50000   0.60000
   0.00000   0.50000   0.70000
   0.00000   0.50000   0.80000
   0.00000   0.50000   0.90000
   0.00000   0.50000   1.00000
   0.00000   0.50000   1.10000
   0.00000   0.50000   1.20000
   0.00000   0.50000   1.30000
   0.00000   0.50000   1.40000
   0.00000   0.50000   1.50000
   0.00000   0.50000   1.60000
   0.00000   0.50000   1.70000
   0.00000   0.50000   1.80000
   0.00000   0.50000   1.90000
   0.00000   0.50000   2.00000
   0.00000   0.50000   2.10000
   0.00000   0.50000   2.20000
   0.00000   0.50000   2.30000
   0.00000   0.50000   2.40000
   0.00000   0.50000   2.50000
   0.00000   0.50000   2.60000
   0.00000   0.50000   2.70000
   0.00000   0.50000   2.80000
   0.00000   0.50000   2.90000
   0.00000   0.50000   3.00000
   0.00000   0.50000   3.10000
   0.00000   0.50000   3.20000
   0.00000   0.50000   3.30000
   0.00000   0.50000   3.40000
   0.00000   0.50000   3.50000
   0.00000   0.50000   3.60000
   0.00000   0.50000   3.70000
   0.00000   0.50000   3.80000
   0.00000   0.50000   3.90000
   0.00000   0.50000   4.00000
   0.00000   0.50000   4.10000
   0.00000   0.50000   4.20000
   0.00000   0.50000   4.30000
   0.00000   0.50000   4.40000
   0.00000   0.50000   4.50000
   0.00000   0.50000   4.60000
   0.00000   0.50000   4.70000
   0.00000   0.50000   4.80000
   0.00000   0.50000   4.90000
  -0.09755   0.49039   0.20000
  -0.09755   0.49039   0.40000
  -0.09755   0.49039   0.60000
  -0.09755   0.49039   0.80000
  -0.09755   0.49039   1.00000
  -0.09755   0.49039   1.20000
  -0.09755   0.49039   1.40000
  -0.09755   0.49039   1.60000
  -0.09755   0.49039   1.80000
  -0.09755   0.49039   2.00000
  -0.09755   0.49039   2.20000
  -0.09755   0.49039   2.40000
  -0.09755   0.49039   2.60000
  -0.09755   0.49039   2.80000
  -0.09755   0.49039   3.00000
  -0.09755   0.49039   3.20000
  -0.09755   0.49039   3.40000
  -0.09755   0.49039   3.60000
  -0.09755   0.49039   3.80000
  -0.09755   0.49039   4.00000
  -0.09755   0.49039   4.20000
  -0.09755   0.49039   4.40000
  -0.09755   0.49039   4.60000
  -0.09755   0.49039   4.80000
  -0.19134   0.46194   0.10000
  -0.19134   0.46194   0.20000
  -0.19134   0.46194   0.30000
  -0.19134   0.46194   0.40000
  -0.19134   0.46194   0.50000
  -0.19134   0.46194   0.60000
  -0.19134   0.46194   0.70000
  -0.19134   0.46194   0.80000
  -0.19134   0.46194   0.90000
  -0.19134   0.46194   1.00000
  -0.19134   0.46194   1.10000
  -0.19134   0.46194   1.20000
  -0.19134   0.46194   1.30000
  -0.19134   0.46194   1.40000
  -0.19134   0.46194   1.50000
  -0.19134   0.46194   1.60000
  -0.19134   0.46194   1.70000
  -0.19134   0.46194   1.80000
  -0.19134   0.46194   1.90000
  -0.19134   0.46194   2.00000
  -0.19134   0.46194   2.10000
  -0.19134   0.46194   2.20000
  -0.19134   0.46194   2.30000
  -0.19134   0.46194   2.40000
  -0.19134   0.46194   2.50000
  -0.19134   0.46194   2.60000
  -0.19134   0.46194   2.70000
  -0.19134   0.46194   2.80000
  -0.19134   0.46194   2.90000
  -0.19134   0.46194   3.00000
  -0.19134   0.46194   3.10000
  -0.19134   0.46194   3.20000
  -0.19134   0.46194   3.30000
  -0.19134   0.46194   3.40000
  -0.19134   0.46194   3.50000
  -0.19134   0.46194   3.60000
  -0.19134   0.46194   3.70000
  -0.19134   0.46194   3.80000
  -0.19134   0.46194   3.90000
  -0.19134   0.46194   4.00000
  -0.19134   0.46194   4.10000
  -0.19134   0.46194   4.20000
  -0.19134   0.46194   4.30000
  -0.19134   0.46194   4.40000
  -0.19134   0.46194   4.50000
  -0.19134   0.46194   4.60000
  -0.19134   0.46194   4.70000
  -0.19134   0.46194   4.80000
  -0.19134   0.46194   4.90000
  -0.27779   0.41573   0.20000
  -0.27779   0.41573   0.40000
  -0.27779   0.41573   0.60000
  -0.27779   0.41573   0.80000
  -0.27779   0.41573   1.00000
  -0.27779   0.41573   1.20000
  -0.27779   0.41573   1.40000
  -0.27779   0.41573   1.60000
  -0.27779   0.41573   1.80000
  -0.27779   0.41573   2.00000
  -0.27779   0.41573   2.20000
  -0.27779   0.41573   2.40000
  -0.27779   0.41573   2.60000
  -0.27779   0.41573   2.80000
  -0.27779   0.41573   3.00000
  -0.27779   0.41573   3.20000
  -0.27779   0.41573   3.40000
  -0.27779   0.41573   3.60000
  -0.27779   0.41573   3.80000
  -0.27779   0.41573   4.00000
  -0.27779   0.41573   4.20000
  -0.27779   0.41573   4.40000
  -0.27779   0.41573   4.60000
  -0.27779   0.41573   4.80000
  -0.35355   0.35355   0.10000
  -0.35355   0.35355   0.20000
  -0.35355   0.35355   0.30000
  -0.35355   0.35355   0.40000
  -0.35355   0.35355   0.50000
  -0.35355   0.35355   0.60000
  -0.35355   0.35355   0.70000
  -0.35355   0.35355   0.80000
  -0.35355   0.35355   0.90000
  -0.35355   0.35355   1.00000
  -0.35355   0.35355   1.10000
  -0.35355   0.35355   1.20000
  -0.35355   0.35355   1.30000
  -0.35355   0.35355   1.40000
  -0.35355   0.35355   1.50000
  -0.35355   0.35355   1.60000
  -0.35355   0.35355   1.70000
  -0.35355   0.35355   1.80000
  -0.35355   0.35355   1.90000
  -0.35355   0.35355   2.00000
  -0.35355   0.35355   2.10000
  -0.35355   0.35355   2.20000
  -0.35355   0.35355   2.30000
  -0.35355   0.35355   2.40000
  -0.35355   0.35355   2.50000
  -0.35355   0.35355   2.60000
  -0.35355   0.35355   2.70000
  -0.35355   0.35355   2.80000
  -0.35355   0.35355   2.90000
  -0.35355   0.35355   3.00000
  -0.35355   0.35355   3.10000
  -0.35355   0.35355   3.20000
  -0.35355   0.35355   3.30000
  -0.35355   0.35355   3.40000
  -0.35355   0.35355   3.50000
  -0.35355   0.35355   3.60000
  -0.35355   0.35355   3.70000
  -0.35355   0.35355   3.80000
  -0.35355   0.35355   3.90000
  -0.35355   0.35355   4.00000
  -0.35355   0.35355   4.10000
  -0.35355   0.35355   4.20000
  -0.35355   0.35355   4.30000
  -0.35355   0.35355   4.40000
  -0.35355   0.35355   4.50000
  -0.35355   0.35355   4.60000
  -0.35355   0.35355   4.70000
  -0.35355   0.35355   4.80000
  -0.35355   0.35355   4.90000
  -0.41573   0.27779   0.20000
  -0.41573   0.27779   0.40000
  -0.41573   0.27779   0.60000
  -0.41573   0.27779   0.80000
  -0.41573   0.27779   1.00000
  -0.41573   0.27779   1.20000
  -0.41573   0.27779   1.40000
  -0.41573   0.27779   1.60000
  -0.41573   0.27779   1.80000
  -0.41573   0.27779   2.00000
  -0.41573   0.27779   2.20000
  -0.41573   0.27779   2.40000
  -0.41573   0.27779   2.60000
  -0.41573   0.27779   2.80000
  -0.41573   0.27779   3.00000
  -0.41573   0.27779   3.20000
  -0.41573   0.27779   3.40000
  -0.41573   0.27779   3.60000
  -0.41573   0.27779   3.80000
  -0.41573   0.27779   4.00000
  -0.41573   0.27779   4.20000
  -0.41573   0.27779   4.40000
  -0.41573   0.27779   4.60000
  -0.41573   0.27779   4.80000
  -0.46194   0.19134   0.10000
  -0.46194   0.19134   0.20000
  -0.46194   0.19134   0.30000
  -0.46194   0.19134   0.40000
  -0.46194   0.19134   0.50000
  -0.46194   0.19134   0.60000
  -0.46194   0.19134   0.70000
  -0.46194   0.19134   0.80000
  -0.46194   0.19134   0.90000
  -0.46194   0.19134   1.00000
  -0.46194   0.19134   1.10000
  -0.46194   0.19134   1.20000
  -0.46194   0.19134   1.30000
  -0.46194   0.19134   1.40000
  -0.46194   0.19134   1.50000
  -0.46194   0.19134   1.60000
  -0.46194   0.19134   1.70000
  -0.46194   0.19134   1.80000
  -0.46194   0.19134   1.90000
  -0.46194   0.19134   2.00000
  -0.46194   0.19134   2.10000
  -0.46194   0.19134   2.20000
  -0.46194   0.19134   2.30000
  -0.46194   0.19134   2.40000
  -0.46194   0.19134   2.50000
  -0.46194   0.19134   2.60000
  -0.46194   0.19134   2.70000
  -0.46194   0.19134   2.80000
  -0.46194   0.19134   2.90000
  -0.46194   0.19134   3.00000
  -0.46194   0.19134   3.10000
  -0.46194   0.19134   3.20000
  -0.46194   0.19134   3.30000
  -0.46194   0.19134   3.40000
  -0.46194   0.19134   3.50000
  -0.46194   0.19134   3.60000
  -0.46194   0.19134   3.70000
  -0.46194   0.19134   3.80000
  -0.46194   0.19134   3.90000
  -0.46194   0.19134   4.00000
  -0.46194   0.19134   4.10000
  -0.46194   0.19134   4.20000
  -0.46194   0.19134   4.30000
  -0.46194   0.19134   4.40000
  -0.46194   0.19134   4.50000
  -0.46194   0.19134   4.60000
  -0.46194   0.19134   4.70000
  -0.46194   0.19134   4.80000
  -0.46194   0.19134   4.90000
  -0.49039   0.09755   0.20000
  -0.49039   0.09755   0.40000
  -0.49039   0.09755   0.60000
  -0.49039   0.09755   0.80000
  -0.49039   0.09755   1.00000
  -0.49039   0.09755   1.20000
  -0.49039   0.09755   1.40000
  -0.49039   0.09755   1.60000
  -0.49039   0.09755   1.80000
  -0.49039   0.09755   2.00000
  -0.49039   0.09755   2.20000
  -0.49039   0.09755   2.40000
  -0.49039   0.09755   2.60000
  -0.49039   0.09755   2.80000
  -0.49039   0.09755   3.00000
  -0.49039   0.09755   3.20000
  -0.49039   0.09755   3.40000
  -0.49039   0.09755   3.60000
  -0.49039   0.09755   3.80000
  -0.49039   0.09755   4.00000
  -0.49039   0.09755   4.20000
  -0.49039   0.09755   4.40000
  -0.49039   0.09755   4.60000
  -0.49039   0.09755   4.80000
   0.00000  -0.50000   0.00000
  -0.09755  -0.49039   0.00000
  -0.19134  -0.46194   0.00000
  -0.27779  -0.41573   0.00000
  -0.35355  -0.35355   0.00000
  -0.41573  -0.27779   0.00000
  -0.46194  -0.19134   0.00000
  -0.49039  -0.09755   0.00000
   0.00000  -0.08333   0.00000
   0.00000  -0.16667   0.00000
   0.00000  -0.25000   0.00000
   0.00000  -0.33333   0.00000
   0.00000  -0.41667   0.00000
  -0.37946  -0.16954   0.00000
  -0.31516  -0.07386   0.00000
  -0.07232  -0.31609   0.00000
  -0.16799  -0.38040   0.00000
  -0.28172  -0.20736   0.00000
  -0.31001  -0.31027   0.00000
  -0.20555  -0.28292   0.00000
  -0.22138  -0.14691   0.00000
  -0.07289  -0.15638   0.00000
  -0.15622  -0.07305   0.00000
  -0.14521  -0.22248   0.00000
  -0.14464  -0.29885   0.00000
  -0.29698  -0.14773   0.00000
  -0.26646  -0.26699   0.00000
  -0.14578  -0.14610   0.00000
   0.00000  -0.50000   5.00000
   0.00000  -0.08333   5.00000
   0.00000  -0.16667   5.00000
   0.00000  -0.25000   5.00000
   0.00000  -0.33333   5.00000
   0.00000  -0.41667   5.00000
  -0.49039  -0.09755   5.00000
  -0.46194  -0.19134   5.00000
  -0.41573  -0.27779   5.00000
  -0.35355  -0.35355   5.00000
  -0.27779  -0.41573   5.00000
  -0.19134  -0.46194   5.00000
  -0.09755  -0.49039   5.00000
  -0.16954  -0.37945   5.00000
  -0.07387  -0.31515   5.00000
  -0.31611  -0.07231   5.00000
  -0.38041  -0.16798   5.00000
  -0.20738  -0.28171   5.00000
  -0.31028  -0.31000   5.00000
  -0.28295  -0.20554   5.00000
  -0.14693  -0.22137   5.00000
  -0.15639  -0.07289   5.00000
  -0.07305  -0.15622   5.00000
  -0.22250  -0.14520   5.00000
  -0.29888  -0.14463   5.00000
  -0.14775  -0.29697   5.00000
  -0.26701  -0.26645   5.00000
  -0.14611  -0.14577   5.00000
   0.00000  -0.50000   0.10000
   0.00000  -0.50000   0.20000
   0.00000  -0.50000   0.30000
   0.00000  -0.50000   0.40000
   0.00000  -0.50000   0.50000
   0.00000  -0.50000   0.60000
   0.00000  -0.50000   0.70000
   0.00000  -0.50000   0.80000
   0.00000  -0.50000   0.90000
   0.00000  -0.50000   1.00000
   0.00000  -0.50000   1.10000
   0.00000  -0.50000   1.20000
   0.00000  -0.50000   1.30000
   0.00000  -0.50000   1.40000
   0.00000  -0.50000   1.50000
   0.00000  -0.50000   1.60000
   0.00000  -0.50000   1.70000
   0.00000  -0.50000   1.80000
   0.00000  -0.50000   1.90000
   0.00000  -0.50000   2.00000
   0.00000  -0.50000   2.10000
   0.00000  -0.50000   2.20000
   0.00000  -0.50000   2.30000
   0.00000  -0.50000   2.40000
   0.00000  -0.50000   2.50000
   0.00000  -0.50000   2.60000
   0.00000  -0.50000   2.70000
   0.00000  -0.50000   2.80000
   0.00000  -0.50000   2.90000
   0.00000  -0.50000   3.00000
   0.00000  -0.50000   3.10000
   0.00000  -0.50000   3.20000
   0.00000  -0.50000   3.30000
   0.00000  -0.50000   3.40000
   0.00000  -0.50000   3.50000
   0.00000  -0.50000   3.60000
   0.00000  -0.50000   3.70000
   0.00000  -0.50000   3.80000
   0.00000  -0.50000   3.90000
   0.00000  -0.50000   4.00000
   0.00000  -0.50000   4.10000
   0.00000  -0.50000   4.20000
   0.00000  -0.50000   4.30000
   0.00000  -0.50000   4.40000
   0.00000  -0.50000   4.50000
   0.00000  -0.50000   4.60000
   0.00000  -0.50000   4.70000
   0.00000  -0.50000   4.80000
   0.00000  -0.50000   4.90000
  -0.09755  -0.49039   0.20000
  -0.09755  -0.49039   0.40000
  -0.09755  -0.49039   0.60000
  -0.09755  -0.49039   0.80000
  -0.09755  -0.49039   1.00000
  -0.09755  -0.49039   1.20000
  -0.09755  -0.49039   1.40000
  -0.09755  -0.49039   1.60000
  -0.09755  -0.49039   1.80000
  -0.09755  -0.49039   2.00000
  -0.09755  -0.49039   2.20000
  -0.09755  -0.49039   2.40000
  -0.09755  -0.49039   2.60000
  -0.09755  -0.49039   2.80000
  -0.09755  -0.49039   3.00000
  -0.09755  -0.49039   3.20000
  -0.09755  -0.49039   3.40000
  -0.09755  -0.49039   3.60000
  -0.09755  -0.49039   3.80000
  -0.09755  -0.49039   4.00000
  -0.09755  -0.49039   4.20000
  -0.09755  -0.49039   4.40000
  -0.09755  -0.49039   4.60000
  -0.09755  -0.49039   4.80000
  -0.19134  -0.46194   0.10000
  -0.19134  -0.46194   0.20000
  -0.19134  -0.46194   0.30000
  -0.19134  -0.46194   0.40000
  -0.19134  -0.46194   0.50000
  -0.19134  -0.46194   0.60000
  -0.19134  -0.46194   0.70000
  -0.19134  -0.46194   0.80000
  -0.19134  -0.46194   0.90000
  -0.19134  -0.46194   1.00000
  -0.19134  -0.46194   1.10000
  -0.19134  -0.46194   1.20000
  -0.19134  -0.46194   1.30000
  -0.19134  -0.46194   1.40000
  -0.19134  -0.46194   1.50000
  -0.19134  -0.46194   1.60000
  -0.19134  -0.46194   1.70000
  -0.19134  -0.46194   1.80000
  -0.19134  -0.46194   1.90000
  -0.19134  -0.46194   2.00000
  -0.19134  -0.46194   2.10000
  -0.19134  -0.46194   2.20000
  -0.19134  -0.46194   2.30000
  -0.19134  -0.46194   2.40000
  -0.19134  -0.46194   2.50000
  -0.19134  -0.46194   2.60000
  -0.19134  -0.46194   2.70000
  -0.19134  -0.46194   2.80000
  -0.19134  -0.46194   2.90000
  -0.19134  -0.46194   3.00000
  -0.19134  -0.46194   3.10000
  -0.19134  -0.46194   3.20000
  -0.19134  -0.46194   3.30000
  -0.19134  -0.46194   3.40000
  -0.19134  -0.46194   3.50000
  -0.19134  -0.46194   3.60000
  -0.19134  -0.46194   3.70000
  -0.19134  -0.46194   3.80000
  -0.19134  -0.46194   3.90000
  -0.19134  -0.46194   4.00000
  -0.19134  -0.46194   4.10000
  -0.19134  -0.46194   4.20000
  -0.19134  -0.46194   4.30000
  -0.19134  -0.46194   4.40000
  -0.19134  -0.46194   4.50000
  -0.19134  -0.46194   4.60000
  -0.19134  -0.46194   4.70000
  -0.19134  -0.46194   4.80000
  -0.19134  -0.46194   4.90000
  -0.27779  -0.41573   0.20000
  -0.27779  -0.41573   0.40000
  -0.27779  -0.41573   0.60000
  -0.27779  -0.41573   0.80000
  -0.27779  -0.41573   1.00000
  -0.27779  -0.41573   1.20000
  -0.27779  -0.41573   1.40000
  -0.27779  -0.41573   1.60000
  -0.27779  -0.41573   1.80000
  -0.27779  -0.41573   2.00000
  -0.27779  -0.41573   2.20000
  -0.27779  -0.41573   2.40000
  -0.27779  -0.41573   2.60000
  -0.27779  -0.41573   2.80000
  -0.27779  -0.41573   3.00000
  -0.27779  -0.41573   3.20000
  -0.27779  -0.41573   3.40000
  -0.27779  -0.41573   3.60000
  -0.27779  -0.41573   3.80000
  -0.27779  -0.41573   4.00000
  -0.27779  -0.41573   4.20000
  -0.27779  -0.41573   4.40000
  -0.27779  -0.41573   4.60000
  -0.27779  -0.41573   4.80000
  -0.35355  -0.35355   0.10000
  -0.35355  -0.35355   0.20000
  -0.35355  -0.35355   0.30000
  -0.35355  -0.35355   0.40000
  -0.35355  -0.35355   0.50000
  -0.35355  -0.35355   0.60000
  -0.35355  -0.35355   0.70000
  -0.35355  -0.35355   0.80000
  -0.35355  -0.35355   0.90000
  -0.35355  -0.35355   1.00000
  -0.35355  -0.35355   1.10000
  -0.35355  -0.35355   1.20000
  -0.35355  -0.35355   1.30000
  -0.35355  -0.35355   1.40000
  -0.35355  -0.35355   1.50000
  -0.35355  -0.35355   1.60000
  -0.35355  -0.35355   1.70000
  -0.35355  -0.35355   1.80000
  -0.35355  -0.35355   1.90000
  -0.35355  -0.35355   2.00000
  -0.35355  -0.35355   2.10000
  -0.35355  -0.35355   2.20000
  -0.35355  -0.35355   2.30000
  -0.35355  -0.35355   2.40000
  -0.35355  -0.35355   2.50000
  -0.35355  -0.35355   2.60000
  -0.35355  -0.35355   2.70000
  -0.35355  -0.35355   2.80000
  -0.35355  -0.35355   2.90000
  -0.35355  -0.35355   3.00000
  -0.35355  -0.35355   3.10000
  -0.35355  -0.35355   3.20000
  -0.35355  -0.35355   3.30000
  -0.35355  -0.35355   3.40000
  -0.35355  -0.35355   3.50000
  -0.35355  -0.35355   3.60000
  -0.35355  -0.35355   3.70000
  -0.35355  -0.35355   3.80000
  -0.35355  -0.35355   3.90000
  -0.35355  -0.35355   4.00000
  -0.35355  -0.35355   4.10000
  -0.35355  -0.35355   4.20000
  -0.35355  -0.35355   4.30000
  -0.35355  -0.35355   4.40000
  -0.35355  -0.35355   4.50000
  -0.35355  -0.35355   4.60000
  -0.35355  -0.35355   4.70000
  -0.35355  -0.35355   4.80000
  -0.35355  -0.35355   4.90000
  -0.41573  -0.27779   0.20000
  -0.41573  -0.27779   0.40000
  -0.41573  -0.27779   0.60000
  -0.41573  -0.27779   0.80000
  -0.41573  -0.27779   1.00000
  -0.41573  -0.27779   1.20000
  -0.41573  -0.27779   1.40000
  -0.41573  -0.27779   1.60000
  -0.41573  -0.27779   1.80000
  -0.41573  -0.27779   2.00000
  -0.41573  -0.27779   2.20000
  -0.41573  -0.27779   2.40000
  -0.41573  -0.27779   2.60000
  -0.41573  -0.27779   2.80000
  -0.41573  -0.27779   3.00000
  -0.41573  -0.27779   3.20000
  -0.41573  -0.27779   3.40000
  -0.41573  -0.27779   3.60000
  -0.41573  -0.27779   3.80000
  -0.41573  -0.27779   4.00000
  -0.41573  -0.27779   4.20000
  -0.41573  -0.27779   4.40000
  -0.41573  -0.27779   4.60000
  -0.41573  -0.27779   4.80000
  -0.46194  -0.19134   0.10000
  -0.46194  -0.19134   0.20000
  -0.46194  -0.19134   0.30000
  -0.46194  -0.19134   0.40000
  -0.46194  -0.19134   0.50000
  -0.46194  -0.19134   0.60000
  -0.46194  -0.19134   0.70000
  -0.46194  -0.19134   0.80000
  -0.46194  -0.19134   0.90000
  -0.46194  -0.19134   1.00000
  -0.46194  -0.19134   1.10000
  -0.46194  -0.19134   1.20000
  -0.46194  -0.19134   1.30000
  -0.46194  -0.19134   1.40000
  -0.46194  -0.19134   1.50000
  -0.46194  -0.19134   1.60000
  -0.46194  -0.19134   1.70000
  -0.46194  -0.19134   1.80000
  -0.46194  -0.19134   1.90000
  -0.46194  -0.19134   2.00000
  -0.46194  -0.19134   2.10000
  -0.46194  -0.19134   2.20000
  -0.46194  -0.19134   2.30000
  -0.46194  -0.19134   2.40000
  -0.46194  -0.19134   2.50000
  -0.46194  -0.19134   2.60000
  -0.46194  -0.19134   2.70000
  -0.46194  -0.19134   2.80000
  -0.46194  -0.19134   2.90000
  -0.46194  -0.19134   3.00000
  -0.46194  -0.19134   3.10000
  -0.46194  -0.19134   3.20000
  -0.46194  -0.19134   3.30000
  -0.46194  -0.19134   3.40000
  -0.46194  -0.19134   3.50000
  -0.46194  -0.19134   3.60000
  -0.46194  -0.19134   3.70000
  -0.46194  -0.19134   3.80000
  -0.46194  -0.19134   3.90000
  -0.46194  -0.19134   4.00000
  -0.46194  -0.19134   4.10000
  -0.46194  -0.19134   4.20000
  -0.46194  -0.19134   4.30000
  -0.46194  -0.19134   4.40000
  -0.46194  -0.19134   4.50000
  -0.46194  -0.19134   4.60000
  -0.46194  -0.19134   4.70000
  -0.46194  -0.19134   4.80000
  -0.46194  -0.19134   4.90000
  -0.49039  -0.09755   0.20000
  -0.49039  -0.09755   0.40000
  -0.49039  -0.09755   0.60000
  -0.49039  -0.09755   0.80000
  -0.49039  -0.09755   1.00000
  -0.49039  -0.09755   1.20000
  -0.49039  -0.09755   1.40000
  -0.49039  -0.09755   1.60000
  -0.49039  -0.09755   1.80000
  -0.49039  -0.09755   2.00000
  -0.49039  -0.09755   2.20000
  -0.49039  -0.09755   2.40000
  -0.49039  -0.09755   2.60000
  -0.49039  -0.09755   2.80000
  -0.49039  -0.09755   3.00000
  -0.49039  -0.09755   3.20000
  -0.49039  -0.09755   3.40000
  -0.49039  -0.09755   3.60000
  -0.49039  -0.09755   3.80000
  -0.49039  -0.09755   4.00000
  -0.49039  -0.09755   4.20000
  -0.49039  -0.09755   4.40000
  -0.49039  -0.09755   4.60000
  -0.49039  -0.09755   4.80000
   0.50000   0.00000   0.00000
   0.08333   0.00000   0.00000
   0.16667   0.00000   0.00000
   0.25000   0.00000   0.00000
   0.33333   0.00000   0.00000
   0.41667   0.00000   0.00000
   0.09755   0.49039   0.00000
   0.19134   0.46194   0.00000
   0.27779   0.41573   0.00000
   0.35355   0.35355   0.00000
   0.41573   0.27779   0.00000
   0.46194   0.19134   0.00000
   0.49039   0.09755   0.00000
   0.37946   0.16954   0.00000
   0.31516   0.07386   0.00000
   0.07232   0.31609   0.00000
   0.16799   0.38040   0.00000
   0.28172   0.20736   0.00000
   0.31001   0.31027   0.00000
   0.20555   0.28292   0.00000
   0.22138   0.14691   0.00000
   0.07289   0.15638   0.00000
   0.15622   0.07305   0.00000
   0.14521   0.22248   0.00000
   0.14464   0.29885   0.00000
   0.29698   0.14773   0.00000
   0.26646   0.26699   0.00000
   0.14578   0.14610   0.00000
   0.50000   0.00000   5.00000
   0.49039   0.09755   5.00000
   0.46194   0.19134   5.00000
   0.41573   0.27779   5.00000
   0.35355   0.35355   5.00000
   0.27779   0.41573   5.00000
   0.19134   0.46194   5.00000
   0.09755   0.49039   5.00000
   0.08333   0.00000   5.00000
   0.16667   0.00000   5.00000
   0.25000   0.00000   5.00000
   0.33333   0.00000   5.00000
   0.41667   0.00000   5.00000
   0.16954   0.37945   5.00000
   0.07387   0.31515   5.00000
   0.31611   0.07231   5.00000
   0.38041   0.16798   5.00000
   0.20738   0.28171   5.00000
   0.31028   0.31000   5.00000
   0.28295   0.20554   5.00000
   0.14693   0.22137   5.00000
   0.15639   0.07289   5.00000
   0.07305   0.15622   5.00000
   0.22250   0.14520   5.00000
   0.29888   0.14463   5.00000
   0.14775   0.29697   5.00000
   0.26701   0.26645   5.00000
   0.14611   0.14577   5.00000
   0.50000   0.00000   0.10000
   0.50000   0.00000   0.20000
   0.50000   0.00000   0.30000
   0.50000   0.00000   0.40000
   0.50000   0.00000   0.50000
   0.50000   0.00000   0.60000
   0.50000   0.00000   0.70000
   0.50000   0.00000   0.80000
   0.50000   0.00000   0.90000
   0.50000   0.00000   1.00000
   0.50000   0.00000   1.10000
   0.50000   0.00000   1.20000
   0.50000   0.00000   1.30000
   0.50000   0.00000   1.40000
   0.50000   0.00000   1.50000
   0.50000   0.00000   1.60000
   0.50000   0.00000   1.70000
   0.50000   0.00000   1.80000
   0.50000   0.00000   1.90000
   0.50000   0.00000   2.00000
   0.50000   0.00000   2.10000
   0.50000   0.00000   2.20000
   0.50000   0.00000   2.30000
   0.50000   0.00000   2.40000
   0.50000   0.00000   2.50000
   0.50000   0.00000   2.60000
   0.50000   0.00000   2.70000
   0.50000   0.00000   2.80000
   0.50000   0.00000   2.90000
   0.50000   0.00000   3.00000
   0.50000   0.00000   3.10000
   0.50000   0.00000   3.20000
   0.50000   0.00000   3.30000
   0.50000   0.00000   3.40000
   0.50000   0.00000   3.50000
   0.50000   0.00000   3.60000
   0.50000   0.00000   3.70000
   0.50000   0.00000   3.80000
   0.50000   0.00000   3.90000
   0.50000   0.00000   4.00000
   0.50000   0.00000   4.10000
   0.50000   0.00000   4.20000
   0.50000   0.00000   4.30000
   0.50000   0.00000   4.40000
   0.50000   0.00000   4.50000
   0.50000   0.00000   4.60000
   0.50000   0.00000   4.70000
   0.50000   0.00000   4.80000
   0.50000   0.00000   4.90000
   0.09755   0.49039   0.20000
   0.09755   0.49039   0.40000
   0.09755   0.49039   0.60000
   0.09755   0.49039   0.80000
   0.09755   0.49039   1.00000
   0.09755   0.49039   1.20000
   0.09755   0.49039   1.40000
   0.09755   0.49039   1.60000
   0.09755   0.49039   1.80000
   0.09755   0.49039   2.00000
   0.09755   0.49039   2.20000
   0.09755   0.49039   2.40000
   0.09755   0.49039   2.60000
   0.09755   0.49039   2.80000
   0.09755   0.49039   3.00000
   0.09755   0.49039   3.20000
   0.09755   0.49039   3.40000
   0.09755   0.49039   3.60000
   0.09755   0.49039   3.80000
   0.09755   0.49039   4.00000
   0.09755   0.49039   4.20000
   0.09755   0.49039   4.40000
   0.09755   0.49039   4.60000
   0.09755   0.49039   4.80000
   0.19134   0.46194   0.10000
   0.19134   0.46194   0.20000
   0.19134   0.46194   0.30000
   0.19134   0.46194   0.40000
   0.19134   0.46194   0.50000
   0.19134   0.46194   0.60000
   0.19134   0.46194   0.70000
   0.19134   0.46194   0.80000
   0.19134   0.46194   0.90000
   0.19134   0.46194   1.00000
   0.19134   0.46194   1.10000
   0.19134   0.46194   1.20000
   0.19134   0.46194   1.30000
   0.19134   0.46194   1.40000
   0.19134   0.46194   1.50000
   0.19134   0.46194   1.60000
   0.19134   0.46194   1.70000
   0.19134   0.46194   1.80000
   0.19134   0.46194   1.90000
   0.19134   0.46194   2.00000
   0.19134   0.46194   2.10000
   0.19134   0.46194   2.20000
   0.19134   0.46194   2.30000
   0.19134   0.46194   2.40000
   0.19134   0.46194   2.50000
   0.19134   0.46194   2.60000
   0.19134   0.46194   2.70000
   0.19134   0.46194   2.80000
   0.19134   0.46194   2.90000
   0.19134   0.46194   3.00000
   0.19134   0.46194   3.10000
   0.19134   0.46194   3.20000
   0.19134   0.46194   3.30000
   0.19134   0.46194   3.40000
   0.19134   0.46194   3.50000
   0.19134   0.46194   3.60000
   0.19134   0.46194   3.70000
   0.19134   0.46194   3.80000
   0.19134   0.46194   3.90000
   0.19134   0.46194   4.00000
   0.19134   0.46194   4.10000
   0.19134   0.46194   4.20000
   0.19134   0.46194   4.30000
   0.19134   0.46194   4.40000
   0.19134   0.46194   4.50000
   0.19134   0.46194   4.60000
   0.19134   0.46194   4.70000
   0.19134   0.46194   4.80000
   0.19134   0.46194   4.90000
   0.27779   0.41573   0.20000
   0.27779   0.41573   0.40000
   0.27779   0.41573   0.60000
   0.27779   0.41573   0.80000
   0.27779   0.41573   1.00000
   0.27779   0.41573   1.20000
   0.27779   0.41573   1.40000
   0.27779   0.41573   1.60000
   0.27779   0.41573   1.80000
   0.27779   0.41573   2.00000
   0.27779   0.41573   2.20000
   0.27779   0.41573   2.40000
   0.27779   0.41573   2.60000
   0.27779   0.41573   2.80000
   0.27779   0.41573   3.00000
   0.27779   0.41573   3.20000
   0.27779   0.41573   3.40000
   0.27779   0.41573   3.60000
   0.27779   0.41573   3.80000
   0.27779   0.41573   4.00000
   0.27779   0.41573   4.20000
   0.27779   0.41573   4.40000
   0.27779   0.41573   4.60000
   0.27779   0.41573   4.80000
   0.35355   0.35355   0.10000
   0.35355   0.35355   0.20000
   0.35355   0.35355   0.30000
   0.35355   0.35355   0.40000
   0.35355   0.35355   0.50000
   0.35355   0.35355   0.60000
   0.35355   0.35355   0.70000
   0.35355   0.35355   0.80000
   0.35355   0.35355   0.90000
   0.35355   0.35355   1.00000
   0.35355   0.35355   1.10000
   0.35355   0.35355   1.20000
   0.35355   0.35355   1.30000
   0.35355   0.35355   1.40000
   0.35355   0.35355   1.50000
   0.35355   0.35355   1.60000
   0.35355   0.35355   1.70000
   0.35355   0.35355   1.80000
   0.35355   0.35355   1.90000
   0.35355   0.35355   2.00000
   0.35355   0.35355   2.10000
   0.35355   0.35355   2.20000
   0.35355   0.35355   2.30000
   0.35355   0.35355   2.40000
   0.35355   0.35355   2.50000
   0.35355   0.35355   2.60000
   0.35355   0.35355   2.70000
   0.35355   0.35355   2.80000
   0.35355   0.35355   2.90000
   0.35355   0.35355   3.00000
   0.35355   0.35355   3.10000
   0.35355   0.35355   3.20000
   0.35355   0.35355   3.30000
   0.35355   0.35355   3.40000
   0.35355   0.35355   3.50000
   0.35355   0.35355   3.60000
   0.35355   0.35355   3.70000
   0.35355   0.35355   3.80000
   0.35355   0.35355   3.90000
   0.35355   0.35355   4.00000
   0.35355   0.35355   4.10000
   0.35355   0.35355   4.20000
   0.35355   0.35355   4.30000
   0.35355   0.35355   4.40000
   0.35355   0.35355   4.50000
   0.35355   0.35355   4.60000
   0.35355   0.35355   4.70000
   0.35355   0.35355   4.80000
   0.35355   0.35355   4.90000
   0.41573   0.27779   0.20000
   0.41573   0.27779   0.40000
   0.41573   0.27779   0.60000
   0.41573   0.27779   0.80000
   0.41573   0.27779   1.00000
   0.41573   0.27779   1.20000
   0.41573   0.27779   1.40000
   0.41573   0.27779   1.60000
   0.41573   0.27779   1.80000
   0.41573   0.27779   2.00000
   0.41573   0.27779   2.20000
   0.41573   0.27779   2.40000
   0.41573   0.27779   2.60000
   0.41573   0.27779   2.80000
   0.41573   0.27779   3.00000
   0.41573   0.27779   3.20000
   0.41573   0.27779   3.40000
   0.41573   0.27779   3.60000
   0.41573   0.27779   3.80000
   0.41573   0.27779   4.00000
   0.41573   0.27779   4.20000
   0.41573   0.27779   4.40000
   0.41573   0.27779   4.60000
   0.41573   0.27779   4.80000
   0.46194   0.19134   0.10000
   0.46194   0.19134   0.20000
   0.46194   0.19134   0.30000
   0.46194   0.19134   0.40000
   0.46194   0.19134   0.50000
   0.46194   0.19134   0.60000
   0.46194   0.19134   0.70000
   0.46194   0.19134   0.80000
   0.46194   0.19134   0.90000
   0.46194   0.19134   1.00000
   0.46194   0.19134   1.10000
   0.46194   0.19134   1.20000
   0.46194   0.19134   1.30000
   0.46194   0.19134   1.40000
   0.46194   0.19134   1.50000
   0.46194   0.19134   1.60000
   0.46194   0.19134   1.70000
   0.46194   0.19134   1.80000
   0.46194   0.19134   1.90000
   0.46194   0.19134   2.00000
   0.46194   0.19134   2.10000
   0.46194   0.19134   2.20000
   0.46194   0.19134   2.30000
   0.46194   0.19134   2.40000
   0.46194   0.19134   2.50000
   0.46194   0.19134   2.60000
   0.46194   0.19134   2.70000
   0.46194   0.19134   2.80000
   0.46194   0.19134   2.90000
   0.46194   0.19134   3.00000
   0.46194   0.19134   3.10000
   0.46194   0.19134   3.20000
   0.46194   0.19134   3.30000
   0.46194   0.19134   3.40000
   0.46194   0.19134   3.50000
   0.46194   0.19134   3.60000
   0.46194   0.19134   3.70000
   0.46194   0.19134   3.80000
   0.46194   0.19134   3.90000
   0.46194   0.19134   4.00000
   0.46194   0.19134   4.10000
   0.46194   0.19134   4.20000
   0.46194   0.19134   4.30000
   0.46194   0.19134   4.40000
   0.46194   0.19134   4.50000
   0.46194   0.19134   4.60000
   0.46194   0.19134   4.70000
   0.46194   0.19134   4.80000
   0.46194   0.19134   4.90000
   0.49039   0.09755   0.20000
   0.49039   0.09755   0.40000
   0.49039   0.09755   0.60000
   0.49039   0.09755   0.80000
   0.49039   0.09755   1.00000
   0.49039   0.09755   1.20000
   0.49039   0.09755   1.40000
   0.49039   0.09755   1.60000
   0.49039   0.09755   1.80000
   0.49039   0.09755   2.00000
   0.49039   0.09755   2.20000
   0.49039   0.09755   2.40000
   0.49039   0.09755   2.60000
   0.49039   0.09755   2.80000
   0.49039   0.09755   3.00000
   0.49039   0.09755   3.20000
   0.49039   0.09755   3.40000
   0.49039   0.09755   3.60000
   0.49039   0.09755   3.80000
   0.49039   0.09755   4.00000
   0.49039   0.09755   4.20000
   0.49039   0.09755   4.40000
   0.49039   0.09755   4.60000
   0.49039   0.09755   4.80000
   0.09755  -0.49039   0.00000
   0.19134  -0.46194   0.00000
   0.27779  -0.41573   0.00000
   0.35355  -0.35355   0.00000
   0.41573  -0.27779   0.00000
   0.46194  -0.19134   0.00000
   0.49039  -0.09755   0.00000
   0.37946  -0.16954   0.00000
   0.31516  -0.07386   0.00000
   0.07232  -0.31609   0.00000
   0.16799  -0.38040   0.00000
   0.28172  -0.20736   0.00000
   0.31001  -0.31027   0.00000
   0.20555  -0.28292   0.00000
   0.22138  -0.14691   0.00000
   0.07289  -0.15638   0.00000
   0.15622  -0.07305   0.00000
   0.14521  -0.22248   0.00000
   0.14464  -0.29885   0.00000
   0.29698  -0.14773   0.00000
   0.26646  -0.26699   0.00000
   0.14578  -0.14610   0.00000
   0.49039  -0.09755   5.00000
   0.46194  -0.19134   5.00000
   0.41573  -0.27779   5.00000
   0.35355  -0.35355   5.00000
   0.27779  -0.41573   5.00000
   0.19134  -0.46194   5.00000
   0.09755  -0.49039   5.00000
   0.16954  -0.37945   5.00000
   0.07387  -0.31515   5.00000
   0.31611  -0.07231   5.00000
   0.38041  -0.16798   5.00000
   0.20738  -0.28171   5.00000
   0.31028  -0.31000   5.00000
   0.28295  -0.20554   5.00000
   0.14693  -0.22137   5.00000
   0.15639  -0.07289   5.00000
   0.07305  -0.15622   5.00000
   0.22250  -0.14520   5.00000
   0.29888  -0.14463   5.00000
   0.14775  -0.29697   5.00000
   0.26701  -0.26645   5.00000
   0.14611  -0.14577   5.00000
   0.09755  -0.49039   0.20000
   0.09755  -0.49039   0.40000
   0.09755  -0.49039   0.60000
   0.09755  -0.49039   0.80000
   0.09755  -0.49039   1.00000
   0.09755  -0.49039   1.20000
   0.09755  -0.49039   1.40000
   0.09755  -0.49039   1.60000
   0.09755  -0.49039   1.80000
   0.09755  -0.49039   2.00000
   0.09755  -0.49039   2.20000
   0.09755  -0.49039   2.40000
   0.09755  -0.49039   2.60000
   0.09755  -0.49039   2.80000
   0.09755  -0.49039   3.00000
   0.09755  -0.49039   3.20000
   0.09755  -0.49039   3.40000
   0.09755  -0.49039   3.60000
   0.09755  -0.49039   3.80000
   0.09755  -0.49039   4.00000
   0.09755  -0.49039   4.20000
   0.09755  -0.49039   4.40000
   0.09755  -0.49039   4.60000
   0.09755  -0.49039   4.80000
   0.19134  -0.46194   0.10000
   0.19134  -0.46194   0.20000
   0.19134  -0.46194   0.30000
   0.19134  -0.46194   0.40000
   0.19134  -0.46194   0.50000
   0.19134  -0.46194   0.60000
   0.19134  -0.46194   0.70000
   0.19134  -0.46194   0.80000
   0.19134  -0.46194   0.90000
   0.19134  -0.46194   1.00000
   0.19134  -0.46194   1.10000
   0.19134  -0.46194   1.20000
   0.19134  -0.46194   1.30000
   0.19134  -0.46194   1.40000
   0.19134  -0.46194   1.50000
   0.19134  -0.46194   1.60000
   0.19134  -0.46194   1.70000
   0.19134  -0.46194   1.80000
   0.19134  -0.46194   1.90000
   0.19134  -0.46194   2.00000
   0.19134  -0.46194   2.10000
   0.19134  -0.46194   2.20000
   0.19134  -0.46194   2.30000
   0.19134  -0.46194   2.40000
   0.19134  -0.46194   2.50000
   0.19134  -0.46194   2.60000
   0.19134  -0.46194   2.70000
   0.19134  -0.46194   2.80000
   0.19134  -0.46194   2.90000
   0.19134  -0.46194   3.00000
   0.19134  -0.46194   3.10000
   0.19134  -0.46194   3.20000
   0.19134  -0.46194   3.30000
   0.19134  -0.46194   3.40000
   0.19134  -0.46194   3.50000
   0.19134  -0.46194   3.60000
   0.19134  -0.46194   3.70000
   0.19134  -0.46194   3.80000
   0.19134  -0.46194   3.90000
   0.19134  -0.46194   4.00000
   0.19134  -0.46194   4.10000
   0.19134  -0.46194   4.20000
   0.19134  -0.46194   4.30000
   0.19134  -0.46194   4.40000
   0.19134  -0.46194   4.50000
   0.19134  -0.46194   4.60000
   0.19134  -0.46194   4.70000
   0.19134  -0.46194   4.80000
   0.19134  -0.46194   4.90000
   0.27779  -0.41573   0.20000
   0.27779  -0.41573   0.40000
   0.27779  -0.41573   0.60000
   0.27779  -0.41573   0.80000
   0.27779  -0.41573   1.00000
   0.27779  -0.41573   1.20000
   0.27779  -0.41573   1.40000
   0.27779  -0.41573   1.60000
   0.27779  -0.41573   1.80000
   0.27779  -0.41573   2.00000
   0.27779  -0.41573   2.20000
   0.27779  -0.41573   2.40000
   0.27779  -0.41573   2.60000
   0.27779  -0.41573   2.80000
   0.27779  -0.41573   3.00000
   0.27779  -0.41573   3.20000
   0.27779  -0.41573   3.40000
   0.27779  -0.41573   3.60000
   0.27779  -0.41573   3.80000
   0.27779  -0.41573   4.00000
   0.27779  -0.41573   4.20000
   0.27779  -0.41573   4.40000
   0.27779  -0.41573   4.60000
   0.27779  -0.41573   4.80000
   0.35355  -0.35355   0.10000
   0.35355  -0.35355   0.20000
   0.35355  -0.35355   0.30000
   0.35355  -0.35355   0.40000
   0.35355  -0.35355   0.50000
   0.35355  -0.35355   0.60000
   0.35355  -0.35355   0.70000
   0.35355  -0.35355   0.80000
   0.35355  -0.35355   0.90000
   0.35355  -0.35355   1.00000
   0.35355  -0.35355   1.10000
   0.35355  -0.35355   1.20000
   0.35355  -0.35355   1.30000
   0.35355  -0.35355   1.40000
   0.35355  -0.35355   1.50000
   0.35355  -0.35355   1.60000
   0.35355  -0.35355   1.70000
   0.35355  -0.35355   1.80000
   0.35355  -0.35355   1.90000
   0.35355  -0.35355   2.00000
   0.35355  -0.35355   2.10000
   0.35355  -0.35355   2.20000
   0.35355  -0.35355   2.30000
   0.35355  -0.35355   2.40000
   0.35355  -0.35355   2.50000
   0.35355  -0.35355   2.60000
   0.35355  -0.35355   2.70000
   0.35355  -0.35355   2.80000
   0.35355  -0.35355   2.90000
   0.35355  -0.35355   3.00000
   0.35355  -0.35355   3.10000
   0.35355  -0.35355   3.20000
   0.35355  -0.35355   3.30000
   0.35355  -0.35355   3.40000
   0.35355  -0.35355   3.50000
   0.35355  -0.35355   3.60000
   0.35355  -0.35355   3.70000
   0.35355  -0.35355   3.80000
   0.35355  -0.35355   3.90000
   0.35355  -0.35355   4.00000
   0.35355  -0.35355   4.10000
   0.35355  -0.35355   4.20000
   0.35355  -0.35355   4.30000
   0.35355  -0.35355   4.40000
   0.35355  -0.35355   4.50000
   0.35355  -0.35355   4.60000
   0.35355  -0.35355   4.70000
   0.35355  -0.35355   4.80000
   0.35355  -0.35355   4.90000
   0.41573  -0.27779   0.20000
   0.41573  -0.27779   0.40000
   0.41573  -0.27779   0.60000
   0.41573  -0.27779   0.80000
   0.41573  -0.27779   1.00000
   0.41573  -0.27779   1.20000
   0.41573  -0.27779   1.40000
   0.41573  -0.27779   1.60000
   0.41573  -0.27779   1.80000
   0.41573  -0.27779   2.00000
   0.41573  -0.27779   2.20000
   0.41573  -0.27779   2.40000
   0.41573  -0.27779   2.60000
   0.41573  -0.27779   2.80000
   0.41573  -0.27779   3.00000
   0.41573  -0.27779   3.20000
   0.41573  -0.27779   3.40000
   0.41573  -0.27779   3.60000
   0.41573  -0.27779   3.80000
   0.41573  -0.27779   4.00000
   0.41573  -0.27779   4.20000
   0.41573  -0.27779   4.40000
   0.41573  -0.27779   4.60000
   0.41573  -0.27779   4.80000
   0.46194  -0.19134   0.10000
   0.46194  -0.19134   0.20000
   0.46194  -0.19134   0.30000
   0.46194  -0.19134   0.40000
   0.46194  -0.19134   0.50000
   0.46194  -0.19134   0.60000
   0.46194  -0.19134   0.70000
   0.46194  -0.19134   0.80000
   0.46194  -0.19134   0.90000
   0.46194  -0.19134   1.00000
   0.46194  -0.19134   1.10000
   0.46194  -0.19134   1.20000
   0.46194  -0.19134   1.30000
   0.46194  -0.19134   1.40000
   0.46194  -0.19134   1.50000
   0.46194  -0.19134   1.60000
   0.46194  -0.19134   1.70000
   0.46194  -0.19134   1.80000
   0.46194  -0.19134   1.90000
   0.46194  -0.19134   2.00000
   0.46194  -0.19134   2.10000
   0.46194  -0.19134   2.20000
   0.46194  -0.19134   2.30000
   0.46194  -0.19134   2.40000
   0.46194  -0.19134   2.50000
   0.46194  -0.19134   2.60000
   0.46194  -0.19134   2.70000
   0.46194  -0.19134   2.80000
   0.46194  -0.19134   2.90000
   0.46194  -0.19134   3.00000
   0.46194  -0.19134   3.10000
   0.46194  -0.19134   3.20000
   0.46194  -0.19134   3.30000
   0.46194  -0.19134   3.40000
   0.46194  -0.19134   3.50000
   0.46194  -0.19134   3.60000
   0.46194  -0.19134   3.70000
   0.46194  -0.19134   3.80000
   0.46194  -0.19134   3.90000
   0.46194  -0.19134   4.00000
   0.46194  -0.19134   4.10000
   0.46194  -0.19134   4.20000
   0.46194  -0.19134   4.30000
   0.46194  -0.19134   4.40000
   0.46194  -0.19134   4.50000
   0.46194  -0.19134   4.60000
   0.46194  -0.19134   4.70000
   0.46194  -0.19134   4.80000
   0.46194  -0.19134   4.90000
   0.49039  -0.09755   0.20000
   0.49039  -0.09755   0.40000
   0.49039  -0.09755   0.60000
   0.49039  -0.09755   0.80000
   0.49039  -0.09755   1.00000
   0.49039  -0.09755   1.20000
   0.49039  -0.09755   1.40000
   0.49039  -0.09755   1.60000
   0.49039  -0.09755   1.80000
   0.49039  -0.09755   2.00000
   0.49039  -0.09755   2.20000
   0.49039  -0.09755   2.40000
   0.49039  -0.09755   2.60000
   0.49039  -0.09755   2.80000
   0.49039  -0.09755   3.00000
   0.49039  -0.09755   3.20000
   0.49039  -0.09755   3.40000
   0.49039  -0.09755   3.60000
   0.49039  -0.09755   3.80000
   0.49039  -0.09755   4.00000
   0.49039  -0.09755   4.20000
   0.49039  -0.09755   4.40000
   0.49039  -0.09755   4.60000
   0.49039  -0.09755   4.80000



IEN=
     33     34     32     35     25     27     31     28
     35      4      6     33     30      5     22     28
     35     17      1      4     29     16      3     30
     32     19     17     35     23     18     29     31
     32     10      8     19     24      9     20     23
     34     12     10     32     26     11     24     27
     33     14     12     34     21     13     26     25
      6      2     14     33      7     15     21     22
     68     69     67     70     60     62     66     63
     70     39     41     68     65     40     57     63
     70     52     36     39     64     51     38     65
     67     54     52     70     58     53     64     66
     67     45     43     54     59     44     55     58
     69     47     45     67     61     46     59     62
     68     49     47     69     56     48     61     60
     41     37     49     68     42     50     56     57
      8     10    194    121      9    193    169    120
     10     12    267    194     11    266    242    193
     12     14    340    267     13    339    315    266
     14      2     72    340     15     71    388    339
    121    194    196    123    169    195    170    122
    194    267    269    196    242    268    243    195
    267    340    342    269    315    341    316    268
    340     72     74    342    388     73    389    341
    123    196    198    125    170    197    171    124
    196    269    271    198    243    270    244    197
    269    342    344    271    316    343    317    270
    342     74     76    344    389     75    390    343
    125    198    200    127    171    199    172    126
    198    271    273    200    244    272    245    199
    271    344    346    273    317    345    318    272
    344     76     78    346    390     77    391    345
    127    200    202    129    172    201    173    128
    200    273    275    202    245    274    246    201
    273    346    348    275    318    347    319    274
    346     78     80    348    391     79    392    347
    129    202    204    131    173    203    174    130
    202    275    277    204    246    276    247    203
    275    348    350    277    319    349    320    276
    348     80     82    350    392     81    393    349
    131    204    206    133    174    205    175    132
    204    277    279    206    247    278    248    205
    277    350    352    279    320    351    321    278
    350     82     84    352    393     83    394    351
    133    206    208    135    175    207    176    134
    206    279    281    208    248    280    249    207
    279    352    354    281    321    353    322    280
    352     84     86    354    394     85    395    353
    135    208    210    137    176    209    177    136
    208    281    283    210    249    282    250    209
    281    354    356    283    322    355    323    282
    354     86     88    356    395     87    396    355
    137    210    212    139    177    211    178    138
    210    283    285    212    250    284    251    211
    283    356    358    285    323    357    324    284
    356     88     90    358    396     89    397    357
    139    212    214    141    178    213    179    140
    212    285    287    214    251    286    252    213
    285    358    360    287    324    359    325    286
    358     90     92    360    397     91    398    359
    141    214    216    143    179    215    180    142
    214    287    289    216    252    288    253    215
    287    360    362    289    325    361    326    288
    360     92     94    362    398     93    399    361
    143    216    218    145    180    217    181    144
    216    289    291    218    253    290    254    217
    289    362    364    291    326    363    327    290
    362     94     96    364    399     95    400    363
    145    218    220    147    181    219    182    146
    218    291    293    220    254    292    255    219
    291    364    366    293    327    365    328    292
    364     96     98    366    400     97    401    365
    147    220    222    149    182    221    183    148
    220    293    295    222    255    294    256    221
    293    366    368    295    328    367    329    294
    366     98    100    368    401     99    402    367
    149    222    224    151    183    223    184    150
    222    295    297    224    256    296    257    223
    295    368    370    297    329    369    330    296
    368    100    102    370    402    101    403    369
    151    224    226    153    184    225    185    152
    224    297    299    226    257    298    258    225
    297    370    372    299    330    371    331    298
    370    102    104    372    403    103    404    371
    153    226    228    155    185    227    186    154
    226    299    301    228    258    300    259    227
    299    372    374    301    331    373    332    300
    372    104    106    374    404    105    405    373
    155    228    230    157    186    229    187    156
    228    301    303    230    259    302    260    229
    301    374    376    303    332    375    333    302
    374    106    108    376    405    107    406    375
    157    230    232    159    187    231    188    158
    230    303    305    232    260    304    261    231
    303    376    378    305    333    377    334    304
    376    108    110    378    406    109    407    377
    159    232    234    161    188    233    189    160
    232    305    307    234    261    306    262    233
    305    378    380    307    334    379    335    306
    378    110    112    380    407    111    408    379
    161    234    236    163    189    235    190    162
    234    307    309    236    262    308    263    235
    307    380    382    309    335    381    336    308
    380    112    114    382    408    113    409    381
    163    236    238    165    190    237    191    164
    236    309    311    238    263    310    264    237
    309    382    384    311    336    383    337    310
    382    114    116    384    409    115    410    383
    165    238    240    167    191    239    192    166
    238    311    313    240    264    312    265    239
    311    384    386    313    337    385    338    312
    384    116    118    386    410    117    411    385
    167    240     49     37    192    241     50    168
    240    313     47     49    265    314     48    241
    313    386     45     47    338    387     46    314
    386    118     43     45    411    119     44    387
    438    437    439    436    429    432    435    431
      4    439    437      6    434    432    426      5
    421    439      4      1    433    434      3    420
    423    436    439    421    427    435    433    422
    414    436    423    412    428    427    424    413
    416    438    436    414    430    431    428    415
    418    437    438    416    425    429    430    417
      2      6    437    418      7    426    425    419
    466    465    467    464    457    460    463    459
    442    467    465    444    462    460    454    443
     52    467    442     36    461    462    441     51
     54    464    467     52    455    463    461     53
    447    464     54     43    456    455     55    446
    449    466    464    447    458    459    456    448
    451    465    466    449    453    457    458    450
    440    444    465    451    445    454    453    452
    414    412    469    542    413    468    517    541
    416    414    542    615    415    541    590    614
    418    416    615    688    417    614    663    687
      2    418    688     72    419    687    736     71
    542    469    471    544    517    470    518    543
    615    542    544    617    590    543    591    616
    688    615    617    690    663    616    664    689
     72    688    690     74    736    689    737     73
    544    471    473    546    518    472    519    545
    617    544    546    619    591    545    592    618
    690    617    619    692    664    618    665    691
     74    690    692     76    737    691    738     75
    546    473    475    548    519    474    520    547
    619    546    548    621    592    547    593    620
    692    619    621    694    665    620    666    693
     76    692    694     78    738    693    739     77
    548    475    477    550    520    476    521    549
    621    548    550    623    593    549    594    622
    694    621    623    696    666    622    667    695
     78    694    696     80    739    695    740     79
    550    477    479    552    521    478    522    551
    623    550    552    625    594    551    595    624
    696    623    625    698    667    624    668    697
     80    696    698     82    740    697    741     81
    552    479    481    554    522    480    523    553
    625    552    554    627    595    553    596    626
    698    625    627    700    668    626    669    699
     82    698    700     84    741    699    742     83
    554    481    483    556    523    482    524    555
    627    554    556    629    596    555    597    628
    700    627    629    702    669    628    670    701
     84    700    702     86    742    701    743     85
    556    483    485    558    524    484    525    557
    629    556    558    631    597    557    598    630
    702    629    631    704    670    630    671    703
     86    702    704     88    743    703    744     87
    558    485    487    560    525    486    526    559
    631    558    560    633    598    559    599    632
    704    631    633    706    671    632    672    705
     88    704    706     90    744    705    745     89
    560    487    489    562    526    488    527    561
    633    560    562    635    599    561    600    634
    706    633    635    708    672    634    673    707
     90    706    708     92    745    707    746     91
    562    489    491    564    527    490    528    563
    635    562    564    637    600    563    601    636
    708    635    637    710    673    636    674    709
     92    708    710     94    746    709    747     93
    564    491    493    566    528    492    529    565
    637    564    566    639    601    565    602    638
    710    637    639    712    674    638    675    711
     94    710    712     96    747    711    748     95
    566    493    495    568    529    494    530    567
    639    566    568    641    602    567    603    640
    712    639    641    714    675    640    676    713
     96    712    714     98    748    713    749     97
    568    495    497    570    530    496    531    569
    641    568    570    643    603    569    604    642
    714    641    643    716    676    642    677    715
     98    714    716    100    749    715    750     99
    570    497    499    572    531    498    532    571
    643    570    572    645    604    571    605    644
    716    643    645    718    677    644    678    717
    100    716    718    102    750    717    751    101
    572    499    501    574    532    500    533    573
    645    572    574    647    605    573    606    646
    718    645    647    720    678    646    679    719
    102    718    720    104    751    719    752    103
    574    501    503    576    533    502    534    575
    647    574    576    649    606    575    607    648
    720    647    649    722    679    648    680    721
    104    720    722    106    752    721    753    105
    576    503    505    578    534    504    535    577
    649    576    578    651    607    577    608    650
    722    649    651    724    680    650    681    723
    106    722    724    108    753    723    754    107
    578    505    507    580    535    506    536    579
    651    578    580    653    608    579    609    652
    724    651    653    726    681    652    682    725
    108    724    726    110    754    725    755    109
    580    507    509    582    536    508    537    581
    653    580    582    655    609    581    610    654
    726    653    655    728    682    654    683    727
    110    726    728    112    755    727    756    111
    582    509    511    584    537    510    538    583
    655    582    584    657    610    583    611    656
    728    655    657    730    683    656    684    729
    112    728    730    114    756    729    757    113
    584    511    513    586    538    512    539    585
    657    584    586    659    611    585    612    658
    730    657    659    732    684    658    685    731
    114    730    732    116    757    731    758    115
    586    513    515    588    539    514    540    587
    659    586    588    661    612    587    613    660
    732    659    661    734    685    660    686    733
    116    732    734    118    758    733    759    117
    588    515    440    451    540    516    452    589
    661    588    451    449    613    589    450    662
    734    661    449    447    686    662    448    735
    118    734    447     43    759    735    446    119
    786    785    787    784    777    780    783    779
    762    787    785    764    782    780    774    763
     17    787    762      1    781    782    761     16
     19    784    787     17    775    783    781     18
    767    784     19      8    776    775     20    766
    769    786    784    767    778    779    776    768
    771    785    786    769    773    777    778    770
    760    764    785    771    765    774    773    772
    814    813    815    812    805    808    811    807
     39    815    813     41    810    808    802     40
    797    815     39     36    809    810     38    796
    799    812    815    797    803    811    809    798
    790    812    799    788    804    803    800    789
    792    814    812    790    806    807    804    791
    794    813    814    792    801    805    806    793
     37     41    813    794     42    802    801    795
    767      8    121    890    766    120    865    889
    769    767    890    963    768    889    938    962
    771    769    963   1036    770    962   1011   1035
    760    771   1036    817    772   1035   1084    816
    890    121    123    892    865    122    866    891
    963    890    892    965    938    891    939    964
   1036    963    965   1038   1011    964   1012   1037
    817   1036   1038    819   1084   1037   1085    818
    892    123    125    894    866    124    867    893
    965    892    894    967    939    893    940    966
   1038    965    967   1040   1012    966   1013   1039
    819   1038   1040    821   1085   1039   1086    820
    894    125    127    896    867    126    868    895
    967    894    896    969    940    895    941    968
   1040    967    969   1042   1013    968   1014   1041
    821   1040   1042    823   1086   1041   1087    822
    896    127    129    898    868    128    869    897
    969    896    898    971    941    897    942    970
   1042    969    971   1044   1014    970   1015   1043
    823   1042   1044    825   1087   1043   1088    824
    898    129    131    900    869    130    870    899
    971    898    900    973    942    899    943    972
   1044    971    973   1046   1015    972   1016   1045
    825   1044   1046    827   1088   1045   1089    826
    900    131    133    902    870    132    871    901
    973    900    902    975    943    901    944    974
   1046    973    975   1048   1016    974   1017   1047
    827   1046   1048    829   1089   1047   1090    828
    902    133    135    904    871    134    872    903
    975    902    904    977    944    903    945    976
   1048    975    977   1050   1017    976   1018   1049
    829   1048   1050    831   1090   1049   1091    830
    904    135    137    906    872    136    873    905
    977    904    906    979    945    905    946    978
   1050    977    979   1052   1018    978   1019   1051
    831   1050   1052    833   1091   1051   1092    832
    906    137    139    908    873    138    874    907
    979    906    908    981    946    907    947    980
   1052    979    981   1054   1019    980   1020   1053
    833   1052   1054    835   1092   1053   1093    834
    908    139    141    910    874    140    875    909
    981    908    910    983    947    909    948    982
   1054    981    983   1056   1020    982   1021   1055
    835   1054   1056    837   1093   1055   1094    836
    910    141    143    912    875    142    876    911
    983    910    912    985    948    911    949    984
   1056    983    985   1058   1021    984   1022   1057
    837   1056   1058    839   1094   1057   1095    838
    912    143    145    914    876    144    877    913
    985    912    914    987    949    913    950    986
   1058    985    987   1060   1022    986   1023   1059
    839   1058   1060    841   1095   1059   1096    840
    914    145    147    916    877    146    878    915
    987    914    916    989    950    915    951    988
   1060    987    989   1062   1023    988   1024   1061
    841   1060   1062    843   1096   1061   1097    842
    916    147    149    918    878    148    879    917
    989    916    918    991    951    917    952    990
   1062    989    991   1064   1024    990   1025   1063
    843   1062   1064    845   1097   1063   1098    844
    918    149    151    920    879    150    880    919
    991    918    920    993    952    919    953    992
   1064    991    993   1066   1025    992   1026   1065
    845   1064   1066    847   1098   1065   1099    846
    920    151    153    922    880    152    881    921
    993    920    922    995    953    921    954    994
   1066    993    995   1068   1026    994   1027   1067
    847   1066   1068    849   1099   1067   1100    848
    922    153    155    924    881    154    882    923
    995    922    924    997    954    923    955    996
   1068    995    997   1070   1027    996   1028   1069
    849   1068   1070    851   1100   1069   1101    850
    924    155    157    926    882    156    883    925
    997    924    926    999    955    925    956    998
   1070    997    999   1072   1028    998   1029   1071
    851   1070   1072    853   1101   1071   1102    852
    926    157    159    928    883    158    884    927
    999    926    928   1001    956    927    957   1000
   1072    999   1001   1074   1029   1000   1030   1073
    853   1072   1074    855   1102   1073   1103    854
    928    159    161    930    884    160    885    929
   1001    928    930   1003    957    929    958   1002
   1074   1001   1003   1076   1030   1002   1031   1075
    855   1074   1076    857   1103   1075   1104    856
    930    161    163    932    885    162    886    931
   1003    930    932   1005    958    931    959   1004
   1076   1003   1005   1078   1031   1004   1032   1077
    857   1076   1078    859   1104   1077   1105    858
    932    163    165    934    886    164    887    933
   1005    932    934   1007    959    933    960   1006
   1078   1005   1007   1080   1032   1006   1033   1079
    859   1078   1080    861   1105   1079   1106    860
    934    165    167    936    887    166    888    935
   1007    934    936   1009    960    935    961   1008
   1080   1007   1009   1082   1033   1008   1034   1081
    861   1080   1082    863   1106   1081   1107    862
    936    167     37    794    888    168    795    937
   1009    936    794    792    961    937    793   1010
   1082   1009    792    790   1034   1010    791   1083
    863   1082    790    788   1107   1083    789    864
   1127   1128   1126   1129   1119   1121   1125   1122
   1129    762    764   1127   1124    763   1116   1122
   1129    421      1    762   1123    420    761   1124
   1126    423    421   1129   1117    422   1123   1125
   1126   1109    412    423   1118   1108    424   1117
   1128   1111   1109   1126   1120   1110   1118   1121
   1127   1113   1111   1128   1115   1112   1120   1119
    764    760   1113   1127    765   1114   1115   1116
   1149   1150   1148   1151   1141   1143   1147   1144
   1151    442    444   1149   1146    443   1138   1144
   1151    797     36    442   1145    796    441   1146
   1148    799    797   1151   1139    798   1145   1147
   1148   1131    788    799   1140   1130    800   1139
   1150   1133   1131   1148   1142   1132   1140   1143
   1149   1135   1133   1150   1137   1134   1142   1141
    444    440   1135   1149    445   1136   1137   1138
    412   1109   1177    469   1108   1176   1152    468
   1109   1111   1250   1177   1110   1249   1225   1176
   1111   1113   1323   1250   1112   1322   1298   1249
   1113    760    817   1323   1114    816   1371   1322
    469   1177   1179    471   1152   1178   1153    470
   1177   1250   1252   1179   1225   1251   1226   1178
   1250   1323   1325   1252   1298   1324   1299   1251
   1323    817    819   1325   1371    818   1372   1324
    471   1179   1181    473   1153   1180   1154    472
   1179   1252   1254   1181   1226   1253   1227   1180
   1252   1325   1327   1254   1299   1326   1300   1253
   1325    819    821   1327   1372    820   1373   1326
    473   1181   1183    475   1154   1182   1155    474
   1181   1254   1256   1183   1227   1255   1228   1182
   1254   1327   1329   1256   1300   1328   1301   1255
   1327    821    823   1329   1373    822   1374   1328
    475   1183   1185    477   1155   1184   1156    476
   1183   1256   1258   1185   1228   1257   1229   1184
   1256   1329   1331   1258   1301   1330   1302   1257
   1329    823    825   1331   1374    824   1375   1330
    477   1185   1187    479   1156   1186   1157    478
   1185   1258   1260   1187   1229   1259   1230   1186
   1258   1331   1333   1260   1302   1332   1303   1259
   1331    825    827   1333   1375    826   1376   1332
    479   1187   1189    481   1157   1188   1158    480
   1187   1260   1262   1189   1230   1261   1231   1188
   1260   1333   1335   1262   1303   1334   1304   1261
   1333    827    829   1335   1376    828   1377   1334
    481   1189   1191    483   1158   1190   1159    482
   1189   1262   1264   1191   1231   1263   1232   1190
   1262   1335   1337   1264   1304   1336   1305   1263
   1335    829    831   1337   1377    830   1378   1336
    483   1191   1193    485   1159   1192   1160    484
   1191   1264   1266   1193   1232   1265   1233   1192
   1264   1337   1339   1266   1305   1338   1306   1265
   1337    831    833   1339   1378    832   1379   1338
    485   1193   1195    487   1160   1194   1161    486
   1193   1266   1268   1195   1233   1267   1234   1194
   1266   1339   1341   1268   1306   1340   1307   1267
   1339    833    835   1341   1379    834   1380   1340
    487   1195   1197    489   1161   1196   1162    488
   1195   1268   1270   1197   1234   1269   1235   1196
   1268   1341   1343   1270   1307   1342   1308   1269
   1341    835    837   1343   1380    836   1381   1342
    489   1197   1199    491   1162   1198   1163    490
   1197   1270   1272   1199   1235   1271   1236   1198
   1270   1343   1345   1272   1308   1344   1309   1271
   1343    837    839   1345   1381    838   1382   1344
    491   1199   1201    493   1163   1200   1164    492
   1199   1272   1274   1201   1236   1273   1237   1200
   1272   1345   1347   1274   1309   1346   1310   1273
   1345    839    841   1347   1382    840   1383   1346
    493   1201   1203    495   1164   1202   1165    494
   1201   1274   1276   1203   1237   1275   1238   1202
   1274   1347   1349   1276   1310   1348   1311   1275
   1347    841    843   1349   1383    842   1384   1348
    495   1203   1205    497   1165   1204   1166    496
   1203   1276   1278   1205   1238   1277   1239   1204
   1276   1349   1351   1278   1311   1350   1312   1277
   1349    843    845   1351   1384    844   1385   1350
    497   1205   1207    499   1166   1206   1167    498
   1205   1278   1280   1207   1239   1279   1240   1206
   1278   1351   1353   1280   1312   1352   1313   1279
   1351    845    847   1353   1385    846   1386   1352
    499   1207   1209    501   1167   1208   1168    500
   1207   1280   1282   1209   1240   1281   1241   1208
   1280   1353   1355   1282   1313   1354   1314   1281
   1353    847    849   1355   1386    848   1387   1354
    501   1209   1211    503   1168   1210   1169    502
   1209   1282   1284   1211   1241   1283   1242   1210
   1282   1355   1357   1284   1314   1356   1315   1283
   1355    849    851   1357   1387    850   1388   1356
    503   1211   1213    505   1169   1212   1170    504
   1211   1284   1286   1213   1242   1285   1243   1212
   1284   1357   1359   1286   1315   1358   1316   1285
   1357    851    853   1359   1388    852   1389   1358
    505   1213   1215    507   1170   1214   1171    506
   1213   1286   1288   1215   1243   1287   1244   1214
   1286   1359   1361   1288   1316   1360   1317   1287
   1359    853    855   1361   1389    854   1390   1360
    507   1215   1217    509   1171   1216   1172    508
   1215   1288   1290   1217   1244   1289   1245   1216
   1288   1361   1363   1290   1317   1362   1318   1289
   1361    855    857   1363   1390    856   1391   1362
    509   1217   1219    511   1172   1218   1173    510
   1217   1290   1292   1219   1245   1291   1246   1218
   1290   1363   1365   1292   1318   1364   1319   1291
   1363    857    859   1365   1391    858   1392   1364
    511   1219   1221    513   1173   1220   1174    512
   1219   1292   1294   1221   1246   1293   1247   1220
   1292   1365   1367   1294   1319   1366   1320   1293
   1365    859    861   1367   1392    860   1393   1366
    513   1221   1223    515   1174   1222   1175    514
   1221   1294   1296   1223   1247   1295   1248   1222
   1294   1367   1369   1296   1320   1368   1321   1295
   1367    861    863   1369   1393    862   1394   1368
    515   1223   1135    440   1175   1224   1136    516
   1223   1296   1133   1135   1248   1297   1134   1224
   1296   1369   1131   1133   1321   1370   1132   1297
   1369    863    788   1131   1394    864   1130   1370


UBC_num=113;
UBC_dof=
3,6,9,12,15,18,21,24,27,30
33,36,39,42,45,48,51,54,57,60
63,66,69,72,75,78,81,84,87,90
93,96,99,102,105,1236,1239,1242,1245,1248
1251,1254,1257,1260,1263,1266,1269,1272,1275,1278
1281,1284,1287,1290,1293,1296,1299,1302,1305,1308
1311,1314,1317,2280,2283,2286,2289,2292,2295,2298
2301,2304,2307,2310,2313,2316,2319,2322,2325,2328
2331,2334,2337,2340,2343,2346,2349,2352,2355,2358
2361,3324,3327,3330,3333,3336,3339,3342,3345,3348
3351,3354,3357,3360,3363,3366,3369,3372,3375,3378
3381,3384,3387


UBC_values=
	0,0,0,0,0,0,0,0,0,0
	0,0,0,0,0,0,0,0,0,0
	0,0,0,0,0,0,0,0,0,0
	0,0,0,0,0,0,0,0,0,0
	0,0,0,0,0,0,0,0,0,0
	0,0,0,0,0,0,0,0,0,0
	0,0,0,0,0,0,0,0,0,0
	0,0,0,0,0,0,0,0,0,0
	0,0,0,0,0,0,0,0,0,0
	0,0,0,0,0,0,0,0,0,0
	0,0,0,0,0,0,0,0,0,0
	0,0,0



FBC_num=113;
FBC_dof=
  108,111,114,117,120,123,126,129,132,135
  138,141,144,147,150,153,156,159,162,165
  168,171,174,177,180,183,186,189,192,195
  198,201,204,207,210,1320,1323,1326,1329,1332
  1335,1338,1341,1344,1347,1350,1353,1356,1359,1362
  1365,1368,1371,1374,1377,1380,1383,1386,1389,1392
  1395,1398,1401,2364,2367,2370,2373,2376,2379,2382
  2385,2388,2391,2394,2397,2400,2403,2406,2409,2412
  2415,2418,2421,2424,2427,2430,2433,2436,2439,2442
  2445,3390,3393,3396,3399,3402,3405,3408,3411,3414
  3417,3420,3423,3426,3429,3432,3435,3438,3441,3444
  3447,3450,3453

FBC_values=
	1,1,1,1,1,1,1,1,1,1
	1,1,1,1,1,1,1,1,1,1
	1,1,1,1,1,1,1,1,1,1
	1,1,1,1,1,1,1,1,1,1
	1,1,1,1,1,1,1,1,1,1
	1,1,1,1,1,1,1,1,1,1
	1,1,1,1,1,1,1,1,1,1
	1,1,1,1,1,1,1,1,1,1
	1,1,1,1,1,1,1,1,1,1
	1,1,1,1,1,1,1,1,1,1
	1,1,1,1,1,1,1,1,1,1
	1,1,1
