formulation=3;
 
numstep=100;
dt=5;
interpolation=4;
nq=6;

E=200;
nu=0.15;
density=6.885;

sd=3;
nnd=231;
if_ext=0;
EType=1;
nel=200;


 IEN=
		1     3    61    60
                3     4    70    61
                4     5    79    70
                5     6    88    79
                6     7    97    88
                7     8   106    97
                8     9   115   106
                9    10   124   115
               10    11   133   124
               11    12   142   133
               12    13   151   142
               13    14   160   151
               14    15   169   160
               15    16   178   169
               16    17   187   178
               17    18   196   187
               18    19   205   196
               19    20   214   205
               20    21   223   214
               21     2    23   223
               60    61    62    59
               61    70    71    62
               70    79    80    71
               79    88    89    80
               88    97    98    89
               97   106   107    98
              106   115   116   107
              115   124   125   116
              124   133   134   125
              133   142   143   134
              142   151   152   143
              151   160   161   152
              160   169   170   161
              169   178   179   170
              178   187   188   179
              187   196   197   188
              196   205   206   197
              205   214   215   206
              214   223   224   215
              223    23    24   224
               59    62    63    58
               62    71    72    63
               71    80    81    72
               80    89    90    81
               89    98    99    90
               98   107   108    99
              107   116   117   108
              116   125   126   117
              125   134   135   126
              134   143   144   135
              143   152   153   144
              152   161   162   153
              161   170   171   162
              170   179   180   171
              179   188   189   180
              188   197   198   189
              197   206   207   198
              206   215   216   207
              215   224   225   216
              224    24    25   225
               58    63    64    57
               63    72    73    64
               72    81    82    73
               81    90    91    82
               90    99   100    91
               99   108   109   100
              108   117   118   109
              117   126   127   118
              126   135   136   127
              135   144   145   136
              144   153   154   145
              153   162   163   154
              162   171   172   163
              171   180   181   172
              180   189   190   181
              189   198   199   190
              198   207   208   199
              207   216   217   208
              216   225   226   217
              225    25    26   226
               57    64    65    56
               64    73    74    65
               73    82    83    74
               82    91    92    83
               91   100   101    92
              100   109   110   101
              109   118   119   110
              118   127   128   119
              127   136   137   128
              136   145   146   137
              145   154   155   146
              154   163   164   155
              163   172   173   164
              172   181   182   173
              181   190   191   182
              190   199   200   191
              199   208   209   200
              208   217   218   209
              217   226   227   218
              226    26    27   227
               56    65    66    55
               65    74    75    66
               74    83    84    75
               83    92    93    84
               92   101   102    93
              101   110   111   102
              110   119   120   111
              119   128   129   120
              128   137   138   129
              137   146   147   138
              146   155   156   147
              155   164   165   156
              164   173   174   165
              173   182   183   174
              182   191   192   183
              191   200   201   192
              200   209   210   201
              209   218   219   210
              218   227   228   219
              227    27    28   228
               55    66    67    54
               66    75    76    67
               75    84    85    76
               84    93    94    85
               93   102   103    94
              102   111   112   103
              111   120   121   112
              120   129   130   121
              129   138   139   130
              138   147   148   139
              147   156   157   148
              156   165   166   157
              165   174   175   166
              174   183   184   175
              183   192   193   184
              192   201   202   193
              201   210   211   202
              210   219   220   211
              219   228   229   220
              228    28    29   229
               54    67    68    53
               67    76    77    68
               76    85    86    77
               85    94    95    86
               94   103   104    95
              103   112   113   104
              112   121   122   113
              121   130   131   122
              130   139   140   131
              139   148   149   140
              148   157   158   149
              157   166   167   158
              166   175   176   167
              175   184   185   176
              184   193   194   185
              193   202   203   194
              202   211   212   203
              211   220   221   212
              220   229   230   221
              229    29    30   230
               53    68    69    52
               68    77    78    69
               77    86    87    78
               86    95    96    87
               95   104   105    96
              104   113   114   105
              113   122   123   114
              122   131   132   123
              131   140   141   132
              140   149   150   141
              149   158   159   150
              158   167   168   159
              167   176   177   168
              176   185   186   177
              185   194   195   186
              194   203   204   195
              203   212   213   204
              212   221   222   213
              221   230   231   222
              230    30    31   231
               52    69    51    32
               69    78    50    51
               78    87    49    50
               87    96    48    49
               96   105    47    48
              105   114    46    47
              114   123    45    46
              123   132    44    45
              132   141    43    44
              141   150    42    43
              150   159    41    42
              159   168    40    41
              168   177    39    40
              177   186    38    39
              186   195    37    38
              195   204    36    37
              204   213    35    36
              213   222    34    35
              222   231    33    34
              231    31    22    33;
      

nodes=
	      -375.00     -375.00      0.0000
               375.00     -375.00      0.0000
              -337.50     -375.00      0.0000
              -300.00     -375.00      0.0000
              -262.50     -375.00      0.0000
              -225.00     -375.00      0.0000
              -187.50     -375.00      0.0000
              -150.00     -375.00      0.0000
              -112.50     -375.00      0.0000
              -75.000     -375.00      0.0000
              -37.500     -375.00      0.0000
             -0.28422E-13 -375.00      0.0000
               37.500     -375.00      0.0000
               75.000     -375.00      0.0000
               112.50     -375.00      0.0000
               150.00     -375.00      0.0000
               187.50     -375.00      0.0000
               225.00     -375.00      0.0000
               262.50     -375.00      0.0000
               300.00     -375.00      0.0000
               337.50     -375.00      0.0000
               375.00      375.00      0.0000
               375.00     -300.00      0.0000
               375.00     -225.00      0.0000
               375.00     -150.00      0.0000
               375.00     -75.000      0.0000
               375.00      0.0000      0.0000
               375.00      75.000      0.0000
               375.00      150.00      0.0000
               375.00      225.00      0.0000
               375.00      300.00      0.0000
              -375.00      375.00      0.0000
               337.50      375.00      0.0000
               300.00      375.00      0.0000
               262.50      375.00      0.0000
               225.00      375.00      0.0000
               187.50      375.00      0.0000
               150.00      375.00      0.0000
               112.50      375.00      0.0000
               75.000      375.00      0.0000
               37.500      375.00      0.0000
              0.28422E-13  375.00      0.0000
              -37.500      375.00      0.0000
              -75.000      375.00      0.0000
              -112.50      375.00      0.0000
              -150.00      375.00      0.0000
              -187.50      375.00      0.0000
              -225.00      375.00      0.0000
              -262.50      375.00      0.0000
              -300.00      375.00      0.0000
              -337.50      375.00      0.0000
              -375.00      300.00      0.0000
              -375.00      225.00      0.0000
              -375.00      150.00      0.0000
              -375.00      75.000      0.0000
              -375.00      0.0000      0.0000
              -375.00     -75.000      0.0000
              -375.00     -150.00      0.0000
              -375.00     -225.00      0.0000
              -375.00     -300.00      0.0000
              -337.50     -300.00      0.0000
              -337.50     -225.00      0.0000
              -337.50     -150.00      0.0000
              -337.50     -75.000      0.0000
              -337.50      0.0000      0.0000
              -337.50      75.000      0.0000
              -337.50      150.00      0.0000
              -337.50      225.00      0.0000
              -337.50      300.00      0.0000
              -300.00     -300.00      0.0000
              -300.00     -225.00      0.0000
              -300.00     -150.00      0.0000
              -300.00     -75.000      0.0000
              -300.00      0.0000      0.0000
              -300.00      75.000      0.0000
              -300.00      150.00      0.0000
              -300.00      225.00      0.0000
              -300.00      300.00      0.0000
              -262.50     -300.00      0.0000
              -262.50     -225.00      0.0000
              -262.50     -150.00      0.0000
              -262.50     -75.000      0.0000
              -262.50    -0.10658E-13  0.0000
              -262.50      75.000      0.0000
              -262.50      150.00      0.0000
              -262.50      225.00      0.0000
              -262.50      300.00      0.0000
              -225.00     -300.00      0.0000
              -225.00     -225.00      0.0000
              -225.00     -150.00      0.0000
              -225.00     -75.000      0.0000
              -225.00    -0.71054E-14  0.0000
              -225.00      75.000      0.0000
              -225.00      150.00      0.0000
              -225.00      225.00      0.0000
              -225.00      300.00      0.0000
              -187.50     -300.00      0.0000
              -187.50     -225.00      0.0000
              -187.50     -150.00      0.0000
              -187.50     -75.000      0.0000
              -187.50    -0.14211E-13  0.0000
              -187.50      75.000      0.0000
              -187.50      150.00      0.0000
              -187.50      225.00      0.0000
              -187.50      300.00      0.0000
              -150.00     -300.00      0.0000
              -150.00     -225.00      0.0000
              -150.00     -150.00      0.0000
              -150.00     -75.000      0.0000
              -150.00     0.14211E-13  0.0000
              -150.00      75.000      0.0000
              -150.00      150.00      0.0000
              -150.00      225.00      0.0000
              -150.00      300.00      0.0000
              -112.50     -300.00      0.0000
              -112.50     -225.00      0.0000
              -112.50     -150.00      0.0000
              -112.50     -75.000      0.0000
              -112.50      0.0000      0.0000
              -112.50      75.000      0.0000
              -112.50      150.00      0.0000
              -112.50      225.00      0.0000
              -112.50      300.00      0.0000
              -75.000     -300.00      0.0000
              -75.000     -225.00      0.0000
              -75.000     -150.00      0.0000
              -75.000     -75.000      0.0000
              -75.000      0.0000      0.0000
              -75.000      75.000      0.0000
              -75.000      150.00      0.0000
              -75.000      225.00      0.0000
              -75.000      300.00      0.0000
              -37.500     -300.00      0.0000
              -37.500     -225.00      0.0000
              -37.500     -150.00      0.0000
              -37.500     -75.000      0.0000
              -37.500      0.0000      0.0000
              -37.500      75.000      0.0000
              -37.500      150.00      0.0000
              -37.500      225.00      0.0000
              -37.500      300.00      0.0000
             -0.14211E-13 -300.00      0.0000
              0.49738E-13 -225.00      0.0000
             -0.71054E-14 -150.00      0.0000
              0.28422E-13 -75.000      0.0000
             -0.28422E-13  0.0000      0.0000
               0.0000      75.000      0.0000
               0.0000      150.00      0.0000
              0.28422E-13  225.00      0.0000
              0.28422E-13  300.00      0.0000
               37.500     -300.00      0.0000
               37.500     -225.00      0.0000
               37.500     -150.00      0.0000
               37.500     -75.000      0.0000
               37.500      0.0000      0.0000
               37.500      75.000      0.0000
               37.500      150.00      0.0000
               37.500      225.00      0.0000
               37.500      300.00      0.0000
               75.000     -300.00      0.0000
               75.000     -225.00      0.0000
               75.000     -150.00      0.0000
               75.000     -75.000      0.0000
               75.000      0.0000      0.0000
               75.000      75.000      0.0000
               75.000      150.00      0.0000
               75.000      225.00      0.0000
               75.000      300.00      0.0000
               112.50     -300.00      0.0000
               112.50     -225.00      0.0000
               112.50     -150.00      0.0000
               112.50     -75.000      0.0000
               112.50      0.0000      0.0000
               112.50      75.000      0.0000
               112.50      150.00      0.0000
               112.50      225.00      0.0000
               112.50      300.00      0.0000
               150.00     -300.00      0.0000
               150.00     -225.00      0.0000
               150.00     -150.00      0.0000
               150.00     -75.000      0.0000
               150.00      0.0000      0.0000
               150.00      75.000      0.0000
               150.00      150.00      0.0000
               150.00      225.00      0.0000
               150.00      300.00      0.0000
               187.50     -300.00      0.0000
               187.50     -225.00      0.0000
               187.50     -150.00      0.0000
               187.50     -75.000      0.0000
               187.50      0.0000      0.0000
               187.50      75.000      0.0000
               187.50      150.00      0.0000
               187.50      225.00      0.0000
               187.50      300.00      0.0000
               225.00     -300.00      0.0000
               225.00     -225.00      0.0000
               225.00     -150.00      0.0000
               225.00     -75.000      0.0000
               225.00      0.0000      0.0000
               225.00      75.000      0.0000
               225.00      150.00      0.0000
               225.00      225.00      0.0000
               225.00      300.00      0.0000
               262.50     -300.00      0.0000
               262.50     -225.00      0.0000
               262.50     -150.00      0.0000
               262.50     -75.000      0.0000
               262.50      0.0000      0.0000
               262.50      75.000      0.0000
               262.50      150.00      0.0000
               262.50      225.00      0.0000
               262.50      300.00      0.0000
               300.00     -300.00      0.0000
               300.00     -225.00      0.0000
               300.00     -150.00      0.0000
               300.00     -75.000      0.0000
               300.00      0.0000      0.0000
               300.00      75.000      0.0000
               300.00      150.00      0.0000
               300.00      225.00      0.0000
               300.00      300.00      0.0000
               337.50     -300.00      0.0000
               337.50     -225.00      0.0000
               337.50     -150.00      0.0000
               337.50     -75.000      0.0000
               337.50      0.0000      0.0000
               337.50      75.000      0.0000
               337.50      150.00      0.0000
               337.50      225.00      0.0000
               337.50      300.00      0.0000;










     
nnd_aux=76;
etype_aux=1;
nel_aux=65;

IEN_aux=    
                  2     6    21    17
                   6     5    25    21
                   5     4    29    25
                   4     3    33    29
                   3     1    11    33
                  17    21    22    18
                  21    25    26    22
                  25    29    30    26
                  29    33    34    30
                  33    11    10    34
                  18    22    23    19
                  22    26    27    23
                  26    30    31    27
                  30    34    35    31
                  34    10     9    35
                  19    23    24    20
                  23    27    28    24
                  27    31    32    28
                  31    35    36    32
                  35     9     8    36
                  20    24    13    12
                  24    28    14    13
                  28    32    15    14
                  32    36    16    15
                  36     8     7    16
                  37    38    45    41
                  38     2    17    45
                  41    45    46    42
                  45    17    18    46
                  42    46    47    43
                  46    18    19    47
                  43    47    48    44
                  47    19    20    48
                  44    48    40    39
                  48    20    12    40
                  50    54    57    56
                  54    53    58    57
                  53    52    59    58
                  52    51    60    59
                  51    49    55    60
                  56    57    11     1
                  57    58    10    11
                  58    59     9    10
                  59    60     8     9
                  60    55     7     8
                  37    64    65    38
                  64    63    66    65
                  63    62    67    66
                  62    61    68    67
                  61    50    56    68
                  38    65     6     2
                  65    66     5     6
                  66    67     4     5
                  67    68     3     4
                  68    56     1     3
                  39    40    73    69
                  40    12    13    73
                  69    73    74    70
                  73    13    14    74
                  70    74    75    71
                  74    14    15    75
                  71    75    76    72
                  75    15    16    76
                  72    76    55    49
                  76    16     7    55;
      
        
nodes_aux=
	-375.00      375.00     -75.000       
              -375.00     -375.00     -75.000       
              -375.00      225.00     -75.000       
              -375.00      75.000     -75.000       
              -375.00     -75.000     -75.000       
              -375.00     -225.00     -75.000       
               375.00      375.00     -75.000       
               225.00      375.00     -75.000       
               75.000      375.00     -75.000       
              -75.000      375.00     -75.000       
              -225.00      375.00     -75.000       
               375.00     -375.00     -75.000       
               375.00     -225.00     -75.000       
               375.00     -75.000     -75.000       
               375.00      75.000     -75.000       
               375.00      225.00     -75.000       
              -225.00     -375.00     -75.000       
              -75.000     -375.00     -75.000       
               75.000     -375.00     -75.000       
               225.00     -375.00     -75.000       
              -225.00     -225.00     -75.000       
              -75.000     -225.00     -75.000       
               75.000     -225.00     -75.000       
               225.00     -225.00     -75.000       
              -225.00     -75.000     -75.000       
              -75.000     -75.000     -75.000       
               75.000     -75.000     -75.000       
               225.00     -75.000     -75.000       
              -225.00      75.000     -75.000       
              -75.000      75.000     -75.000       
               75.000      75.000     -75.000       
               225.00      75.000     -75.000       
              -225.00      225.00     -75.000       
              -75.000      225.00     -75.000       
               75.000      225.00     -75.000       
               225.00      225.00     -75.000       
              -375.00     -375.00      0.0000       
              -375.00     -375.00     -37.500       
               375.00     -375.00      0.0000       
               375.00     -375.00     -37.500       
              -225.00     -375.00      0.0000       
              -75.000     -375.00      0.0000       
               75.000     -375.00      0.0000       
               225.00     -375.00      0.0000       
              -225.00     -375.00     -37.500       
              -75.000     -375.00     -37.500       
               75.000     -375.00     -37.500       
               225.00     -375.00     -37.500       
               375.00      375.00      0.0000       
              -375.00      375.00      0.0000       
               225.00      375.00      0.0000       
               75.000      375.00      0.0000       
              -75.000      375.00      0.0000       
              -225.00      375.00      0.0000       
               375.00      375.00     -37.500       
              -375.00      375.00     -37.500       
              -225.00      375.00     -37.500       
              -75.000      375.00     -37.500       
               75.000      375.00     -37.500       
               225.00      375.00     -37.500       
              -375.00      225.00      0.0000       
              -375.00      75.000      0.0000       
              -375.00     -75.000      0.0000       
              -375.00     -225.00      0.0000       
              -375.00     -225.00     -37.500       
              -375.00     -75.000     -37.500       
              -375.00      75.000     -37.500       
              -375.00      225.00     -37.500       
               375.00     -225.00      0.0000       
               375.00     -75.000      0.0000       
               375.00      75.000      0.0000       
               375.00      225.00      0.0000       
               375.00     -225.00     -37.500       
               375.00     -75.000     -37.500       
               375.00      75.000     -37.500       
               375.00      225.00     -37.500



UBC_num=0;
UBC_dof=

UBC_values=


FBC_num=33;


FBC_dof=
	33, 36, 39,123,126,129,399,402,405,408,
       411,414,417,420,423,426,429,432,435,438,
       441,444,447,450,453,456,459,462,465,468,
       471,474,477,
	

FBC_values=
	-144000,-144000,-144000,-144000,-144000,-144000, -144000,-144000,-144000,-144000,
	-144000,-144000,-144000,-144000,-144000,-144000, -144000,-144000,-144000,-144000,
	-144000,-144000,-144000,-144000,-144000,-144000, -144000,-144000,-144000,-144000,
	-144000,-144000,-144000










