numstep=3;
dt=5e-3;
interpolation=5;
nq=6;

E=5e7;
nu=0.25;
density=1730;

sd=3;
nnd=98;
if_ext=1;
EType=1;
nel=96;

nodes=
   0.00000   0.00000   6.00000
  -2.00000   0.00000   4.00000
  -0.76537   0.00000   5.84776
  -1.41421   0.00000   5.41421
  -1.84776   0.00000   4.76537
   0.00000   2.00000   4.00000
  -0.76537   1.84776   4.00000
  -1.41421   1.41421   4.00000
  -1.84776   0.76537   4.00000
   0.00000   0.76537   5.84776
   0.00000   1.41421   5.41421
   0.00000   1.84776   4.76537
  -1.15470   1.15470   5.15470
  -1.32506   0.69890   5.32506
  -1.32506   1.32506   4.69890
  -0.69890   1.32506   5.32506
  -0.74530   0.74530   5.69972
  -1.69972   0.74530   4.74530
  -0.74530   1.69972   4.74530
   0.00000  -2.00000   4.00000
  -0.76537  -1.84776   4.00000
  -1.41421  -1.41421   4.00000
  -1.84776  -0.76537   4.00000
   0.00000  -0.76537   5.84776
   0.00000  -1.41421   5.41421
   0.00000  -1.84776   4.76537
  -1.15470  -1.15470   5.15470
  -1.32506  -0.69890   5.32506
  -1.32506  -1.32506   4.69890
  -0.69890  -1.32506   5.32506
  -0.74530  -0.74530   5.69972
  -1.69972  -0.74530   4.74530
  -0.74530  -1.69972   4.74530
   2.00000   0.00000   4.00000
   0.76537   0.00000   5.84776
   1.41421   0.00000   5.41421
   1.84776   0.00000   4.76537
   0.76537   1.84776   4.00000
   1.41421   1.41421   4.00000
   1.84776   0.76537   4.00000
   1.15470   1.15470   5.15470
   1.32506   0.69890   5.32506
   1.32506   1.32506   4.69890
   0.69890   1.32506   5.32506
   0.74530   0.74530   5.69972
   1.69972   0.74530   4.74530
   0.74530   1.69972   4.74530
   0.76537  -1.84776   4.00000
   1.41421  -1.41421   4.00000
   1.84776  -0.76537   4.00000
   1.15470  -1.15470   5.15470
   1.32506  -0.69890   5.32506
   1.32506  -1.32506   4.69890
   0.69890  -1.32506   5.32506
   0.74530  -0.74530   5.69972
   1.69972  -0.74530   4.74530
   0.74530  -1.69972   4.74530
   0.00000   0.00000   2.00000
  -0.76537   0.00000   2.15224
  -1.41421   0.00000   2.58579
  -1.84776   0.00000   3.23463
   0.00000   0.76537   2.15224
   0.00000   1.41421   2.58579
   0.00000   1.84776   3.23463
  -1.15470   1.15470   2.84530
  -1.32506   0.69890   2.67494
  -1.32506   1.32506   3.30110
  -0.69890   1.32506   2.67494
  -0.74530   0.74530   2.30028
  -1.69972   0.74530   3.25470
  -0.74530   1.69972   3.25470
   0.00000  -0.76537   2.15224
   0.00000  -1.41421   2.58579
   0.00000  -1.84776   3.23463
  -1.15470  -1.15470   2.84530
  -1.32506  -0.69890   2.67494
  -1.32506  -1.32506   3.30110
  -0.69890  -1.32506   2.67494
  -0.74530  -0.74530   2.30028
  -1.69972  -0.74530   3.25470
  -0.74530  -1.69972   3.25470
   0.76537   0.00000   2.15224
   1.41421   0.00000   2.58579
   1.84776   0.00000   3.23463
   1.15470   1.15470   2.84530
   1.32506   0.69890   2.67494
   1.32506   1.32506   3.30110
   0.69890   1.32506   2.67494
   0.74530   0.74530   2.30028
   1.69972   0.74530   3.25470
   0.74530   1.69972   3.25470
   1.15470  -1.15470   2.84530
   1.32506  -0.69890   2.67494
   1.32506  -1.32506   3.30110
   0.69890  -1.32506   2.67494
   0.74530  -0.74530   2.30028
   1.69972  -0.74530   3.25470
   0.74530  -1.69972   3.25470 

IEN=
      4     14     17      3
     14     13     16     17
      3     17     10      1
     17     16     11     10
      8     15     18      9
     15     13     14     18
      9     18      5      2
     18     14      4      5
     11     16     19     12
     16     13     15     19
     12     19      7      6
     19     15      8      7
     28      4      3     31
     27     28     31     30
     31      3      1     24
     30     31     24     25
     29     22     23     32
     27     29     32     28
     32     23      2      5
     28     32      5      4
     30     25     26     33
     27     30     33     29
     33     26     20     21
     29     33     21     22
     42     36     35     45
     41     42     45     44
     45     35      1     10
     44     45     10     11
     43     39     40     46
     41     43     46     42
     46     40     34     37
     42     46     37     36
     44     11     12     47
     41     44     47     43
     47     12      6     38
     43     47     38     39
     36     52     55     35
     52     51     54     55
     35     55     24      1
     55     54     25     24
     49     53     56     50
     53     51     52     56
     50     56     37     34
     56     52     36     37
     25     54     57     26
     54     51     53     57
     26     57     48     20
     57     53     49     48
     66     60     59     69
     65     66     69     68
     69     59     58     62
     68     69     62     63
     67      8      9     70
     65     67     70     66
     70      9      2     61
     66     70     61     60
     68     63     64     71
     65     68     71     67
     71     64      6      7
     67     71      7      8
     60     76     79     59
     76     75     78     79
     59     79     72     58
     79     78     73     72
     22     77     80     23
     77     75     76     80
     23     80     61      2
     80     76     60     61
     73     78     81     74
     78     75     77     81
     74     81     21     20
     81     77     22     21
     83     86     89     82
     86     85     88     89
     82     89     62     58
     89     88     63     62
     39     87     90     40
     87     85     86     90
     40     90     84     34
     90     86     83     84
     63     88     91     64
     88     85     87     91
     64     91     38      6
     91     87     39     38
     93     83     82     96
     92     93     96     95
     96     82     58     72
     95     96     72     73
     94     49     50     97
     92     94     97     93
     97     50     34     84
     93     97     84     83
     95     73     74     98
     92     95     98     94
     98     74     20     48
     94     98     48     49 
UBC_num=0;
UBC_dof=

UBC_values=


FBC_num=294;

FBC_dof=
1,2,3,4,5,6,7,8,9,10
11,12,13,14,15,16,17,18,19,20
21,22,23,24,25,26,27,28,29,30
31,32,33,34,35,36,37,38,39,40
41,42,43,44,45,46,47,48,49,50
51,52,53,54,55,56,57,58,59,60
61,62,63,64,65,66,67,68,69,70
71,72,73,74,75,76,77,78,79,80
81,82,83,84,85,86,87,88,89,90
91,92,93,94,95,96,97,98,99,100
101,102,103,104,105,106,107,108,109,110
111,112,113,114,115,116,117,118,119,120
121,122,123,124,125,126,127,128,129,130
131,132,133,134,135,136,137,138,139,140
141,142,143,144,145,146,147,148,149,150
151,152,153,154,155,156,157,158,159,160
161,162,163,164,165,166,167,168,169,170
171,172,173,174,175,176,177,178,179,180
181,182,183,184,185,186,187,188,189,190
191,192,193,194,195,196,197,198,199,200
201,202,203,204,205,206,207,208,209,210
211,212,213,214,215,216,217,218,219,220
221,222,223,224,225,226,227,228,229,230
231,232,233,234,235,236,237,238,239,240
241,242,243,244,245,246,247,248,249,250
251,252,253,254,255,256,257,258,259,260
261,262,263,264,265,266,267,268,269,270
271,272,273,274,275,276,277,278,279,280
281,282,283,284,285,286,287,288,289,290
291,292,293,294


FBC_values=
0,0,1e+06,-4.4721e+05,0,8.9443e+05,-1.2978e+05,0,9.9154e+05,-2.5272e+05
0,9.6754e+05,-3.6152e+05,0,9.3236e+05,0,4.4721e+05,8.9443e+05,-1.7114e+05,4.1317e+05
8.9443e+05,-3.1623e+05,3.1623e+05,8.9443e+05,-4.1317e+05,1.7114e+05,8.9443e+05,0,1.2978e+05,9.9154e+05
0,2.5272e+05,9.6754e+05,0,3.6152e+05,9.3236e+05,-2.1355e+05,2.1355e+05,9.5331e+05,-2.3954e+05
1.2634e+05,9.6263e+05,-2.6193e+05,2.6193e+05,9.2886e+05,-1.2634e+05,2.3954e+05,9.6263e+05,-1.2858e+05,1.2858e+05
9.8333e+05,-3.3358e+05,1.4627e+05,9.313e+05,-1.4627e+05,3.3358e+05,9.313e+05,0,-4.4721e+05,8.9443e+05
-1.7114e+05,-4.1317e+05,8.9443e+05,-3.1623e+05,-3.1623e+05,8.9443e+05,-4.1317e+05,-1.7114e+05,8.9443e+05,0
-1.2978e+05,9.9154e+05,0,-2.5272e+05,9.6754e+05,0,-3.6152e+05,9.3236e+05,-2.1355e+05,-2.1355e+05
9.5331e+05,-2.3954e+05,-1.2634e+05,9.6263e+05,-2.6193e+05,-2.6193e+05,9.2886e+05,-1.2634e+05,-2.3954e+05,9.6263e+05
-1.2858e+05,-1.2858e+05,9.8333e+05,-3.3358e+05,-1.4627e+05,9.313e+05,-1.4627e+05,-3.3358e+05,9.313e+05,4.4721e+05
0,8.9443e+05,1.2978e+05,0,9.9154e+05,2.5272e+05,0,9.6754e+05,3.6152e+05,0
9.3236e+05,1.7114e+05,4.1317e+05,8.9443e+05,3.1623e+05,3.1623e+05,8.9443e+05,4.1317e+05,1.7114e+05,8.9443e+05
2.1355e+05,2.1355e+05,9.5331e+05,2.3954e+05,1.2634e+05,9.6263e+05,2.6193e+05,2.6193e+05,9.2886e+05,1.2634e+05
2.3954e+05,9.6263e+05,1.2858e+05,1.2858e+05,9.8333e+05,3.3358e+05,1.4627e+05,9.313e+05,1.4627e+05,3.3358e+05
9.313e+05,1.7114e+05,-4.1317e+05,8.9443e+05,3.1623e+05,-3.1623e+05,8.9443e+05,4.1317e+05,-1.7114e+05,8.9443e+05
2.1355e+05,-2.1355e+05,9.5331e+05,2.3954e+05,-1.2634e+05,9.6263e+05,2.6193e+05,-2.6193e+05,9.2886e+05,1.2634e+05
-2.3954e+05,9.6263e+05,1.2858e+05,-1.2858e+05,9.8333e+05,3.3358e+05,-1.4627e+05,9.313e+05,1.4627e+05,-3.3358e+05
9.313e+05,0,0,1e+06,-3.3506e+05,0,9.422e+05,-4.7984e+05,0,8.7736e+05
-4.9602e+05,0,8.6831e+05,0,3.3506e+05,9.422e+05,0,4.7984e+05,8.7736e+05,0
4.9602e+05,8.6831e+05,-3.5198e+05,3.5198e+05,8.6731e+05,-4.322e+05,2.2796e+05,8.7249e+05,-3.4908e+05,3.4908e+05
8.6965e+05,-2.2796e+05,4.322e+05,8.7249e+05,-2.9455e+05,2.9455e+05,9.0911e+05,-4.5366e+05,1.9892e+05,8.6869e+05
-1.9892e+05,4.5366e+05,8.6869e+05,0,-3.3506e+05,9.422e+05,0,-4.7984e+05,8.7736e+05,0
-4.9602e+05,8.6831e+05,-3.5198e+05,-3.5198e+05,8.6731e+05,-4.322e+05,-2.2796e+05,8.7249e+05,-3.4908e+05,-3.4908e+05
8.6965e+05,-2.2796e+05,-4.322e+05,8.7249e+05,-2.9455e+05,-2.9455e+05,9.0911e+05,-4.5366e+05,-1.9892e+05,8.6869e+05
-1.9892e+05,-4.5366e+05,8.6869e+05,3.3506e+05,0,9.422e+05,4.7984e+05,0,8.7736e+05,4.9602e+05
0,8.6831e+05,3.5198e+05,3.5198e+05,8.6731e+05,4.322e+05,2.2796e+05,8.7249e+05,3.4908e+05,3.4908e+05
8.6965e+05,2.2796e+05,4.322e+05,8.7249e+05,2.9455e+05,2.9455e+05,9.0911e+05,4.5366e+05,1.9892e+05,8.6869e+05
1.9892e+05,4.5366e+05,8.6869e+05,3.5198e+05,-3.5198e+05,8.6731e+05,4.322e+05,-2.2796e+05,8.7249e+05,3.4908e+05
-3.4908e+05,8.6965e+05,2.2796e+05,-4.322e+05,8.7249e+05,2.9455e+05,-2.9455e+05,9.0911e+05,4.5366e+05,-1.9892e+05
8.6869e+05,1.9892e+05,-4.5366e+05,8.6869e+05


