numstep=2;
dt=2.5e-3;
interpolation=5;
nq=6;

E=5e7;
nu=0.25;
density=1730;

sd=3;
nnd=218;
if_ext=1;
EType=1;
nel=216;

nodes=
   0.00000   0.00000   6.00000
  -2.00000   0.00000   4.00000
  -0.51764   0.00000   5.93185
  -1.00000   0.00000   5.73205
  -1.41421   0.00000   5.41421
  -1.73205   0.00000   5.00000
  -1.93185   0.00000   4.51764
   0.00000   2.00000   4.00000
  -0.51764   1.93185   4.00000
  -1.00000   1.73205   4.00000
  -1.41421   1.41421   4.00000
  -1.73205   1.00000   4.00000
  -1.93185   0.51764   4.00000
   0.00000   0.51764   5.93185
   0.00000   1.00000   5.73205
   0.00000   1.41421   5.41421
   0.00000   1.73205   5.00000
   0.00000   1.93185   4.51764
  -1.15470   1.15470   5.15470
  -1.37433   0.47162   5.37433
  -1.26872   0.88357   5.26872
  -1.37433   1.37433   4.47162
  -1.26872   1.26872   4.88357
  -0.47162   1.37433   5.37433
  -0.88357   1.26872   5.26872
  -0.98076   0.48782   5.67336
  -0.51042   0.51042   5.86519
  -0.92462   0.92462   5.51333
  -0.48782   0.98076   5.67336
  -1.67336   0.98076   4.48782
  -1.86519   0.51042   4.51042
  -1.51333   0.92462   4.92462
  -1.67336   0.48782   4.98076
  -0.48782   1.67336   4.98076
  -0.51042   1.86519   4.51042
  -0.92462   1.51333   4.92462
  -0.98076   1.67336   4.48782
   0.00000  -2.00000   4.00000
  -0.51764  -1.93185   4.00000
  -1.00000  -1.73205   4.00000
  -1.41421  -1.41421   4.00000
  -1.73205  -1.00000   4.00000
  -1.93185  -0.51764   4.00000
   0.00000  -0.51764   5.93185
   0.00000  -1.00000   5.73205
   0.00000  -1.41421   5.41421
   0.00000  -1.73205   5.00000
   0.00000  -1.93185   4.51764
  -1.15470  -1.15470   5.15470
  -1.37433  -0.47162   5.37433
  -1.26872  -0.88357   5.26872
  -1.37433  -1.37433   4.47162
  -1.26872  -1.26872   4.88357
  -0.47162  -1.37433   5.37433
  -0.88357  -1.26872   5.26872
  -0.98076  -0.48782   5.67336
  -0.51042  -0.51042   5.86519
  -0.92462  -0.92462   5.51333
  -0.48782  -0.98076   5.67336
  -1.67336  -0.98076   4.48782
  -1.86519  -0.51042   4.51042
  -1.51333  -0.92462   4.92462
  -1.67336  -0.48782   4.98076
  -0.48782  -1.67336   4.98076
  -0.51042  -1.86519   4.51042
  -0.92462  -1.51333   4.92462
  -0.98076  -1.67336   4.48782
   2.00000   0.00000   4.00000
   0.51764   0.00000   5.93185
   1.00000   0.00000   5.73205
   1.41421   0.00000   5.41421
   1.73205   0.00000   5.00000
   1.93185   0.00000   4.51764
   0.51764   1.93185   4.00000
   1.00000   1.73205   4.00000
   1.41421   1.41421   4.00000
   1.73205   1.00000   4.00000
   1.93185   0.51764   4.00000
   1.15470   1.15470   5.15470
   1.37433   0.47162   5.37433
   1.26872   0.88357   5.26872
   1.37433   1.37433   4.47162
   1.26872   1.26872   4.88357
   0.47162   1.37433   5.37433
   0.88357   1.26872   5.26872
   0.98076   0.48782   5.67336
   0.51042   0.51042   5.86519
   0.92462   0.92462   5.51333
   0.48782   0.98076   5.67336
   1.67336   0.98076   4.48782
   1.86519   0.51042   4.51042
   1.51333   0.92462   4.92462
   1.67336   0.48782   4.98076
   0.48782   1.67336   4.98076
   0.51042   1.86519   4.51042
   0.92462   1.51333   4.92462
   0.98076   1.67336   4.48782
   0.51764  -1.93185   4.00000
   1.00000  -1.73205   4.00000
   1.41421  -1.41421   4.00000
   1.73205  -1.00000   4.00000
   1.93185  -0.51764   4.00000
   1.15470  -1.15470   5.15470
   1.37433  -0.47162   5.37433
   1.26872  -0.88357   5.26872
   1.37433  -1.37433   4.47162
   1.26872  -1.26872   4.88357
   0.47162  -1.37433   5.37433
   0.88357  -1.26872   5.26872
   0.98076  -0.48782   5.67336
   0.51042  -0.51042   5.86519
   0.92462  -0.92462   5.51333
   0.48782  -0.98076   5.67336
   1.67336  -0.98076   4.48782
   1.86519  -0.51042   4.51042
   1.51333  -0.92462   4.92462
   1.67336  -0.48782   4.98076
   0.48782  -1.67336   4.98076
   0.51042  -1.86519   4.51042
   0.92462  -1.51333   4.92462
   0.98076  -1.67336   4.48782
   0.00000   0.00000   2.00000
  -0.51764   0.00000   2.06815
  -1.00000   0.00000   2.26795
  -1.41421   0.00000   2.58579
  -1.73205   0.00000   3.00000
  -1.93185   0.00000   3.48236
   0.00000   0.51764   2.06815
   0.00000   1.00000   2.26795
   0.00000   1.41421   2.58579
   0.00000   1.73205   3.00000
   0.00000   1.93185   3.48236
  -1.15470   1.15470   2.84530
  -1.37433   0.47162   2.62567
  -1.26872   0.88357   2.73128
  -1.37433   1.37433   3.52838
  -1.26872   1.26872   3.11643
  -0.47162   1.37433   2.62567
  -0.88357   1.26872   2.73128
  -0.98076   0.48782   2.32664
  -0.51042   0.51042   2.13481
  -0.92462   0.92462   2.48667
  -0.48782   0.98076   2.32664
  -1.67336   0.98076   3.51218
  -1.86519   0.51042   3.48958
  -1.51333   0.92462   3.07538
  -1.67336   0.48782   3.01924
  -0.48782   1.67336   3.01924
  -0.51042   1.86519   3.48958
  -0.92462   1.51333   3.07538
  -0.98076   1.67336   3.51218
   0.00000  -0.51764   2.06815
   0.00000  -1.00000   2.26795
   0.00000  -1.41421   2.58579
   0.00000  -1.73205   3.00000
   0.00000  -1.93185   3.48236
  -1.15470  -1.15470   2.84530
  -1.37433  -0.47162   2.62567
  -1.26872  -0.88357   2.73128
  -1.37433  -1.37433   3.52838
  -1.26872  -1.26872   3.11643
  -0.47162  -1.37433   2.62567
  -0.88357  -1.26872   2.73128
  -0.98076  -0.48782   2.32664
  -0.51042  -0.51042   2.13481
  -0.92462  -0.92462   2.48667
  -0.48782  -0.98076   2.32664
  -1.67336  -0.98076   3.51218
  -1.86519  -0.51042   3.48958
  -1.51333  -0.92462   3.07538
  -1.67336  -0.48782   3.01924
  -0.48782  -1.67336   3.01924
  -0.51042  -1.86519   3.48958
  -0.92462  -1.51333   3.07538
  -0.98076  -1.67336   3.51218
   0.51764   0.00000   2.06815
   1.00000   0.00000   2.26795
   1.41421   0.00000   2.58579
   1.73205   0.00000   3.00000
   1.93185   0.00000   3.48236
   1.15470   1.15470   2.84530
   1.37433   0.47162   2.62567
   1.26872   0.88357   2.73128
   1.37433   1.37433   3.52838
   1.26872   1.26872   3.11643
   0.47162   1.37433   2.62567
   0.88357   1.26872   2.73128
   0.98076   0.48782   2.32664
   0.51042   0.51042   2.13481
   0.92462   0.92462   2.48667
   0.48782   0.98076   2.32664
   1.67336   0.98076   3.51218
   1.86519   0.51042   3.48958
   1.51333   0.92462   3.07538
   1.67336   0.48782   3.01924
   0.48782   1.67336   3.01924
   0.51042   1.86519   3.48958
   0.92462   1.51333   3.07538
   0.98076   1.67336   3.51218
   1.15470  -1.15470   2.84530
   1.37433  -0.47162   2.62567
   1.26872  -0.88357   2.73128
   1.37433  -1.37433   3.52838
   1.26872  -1.26872   3.11643
   0.47162  -1.37433   2.62567
   0.88357  -1.26872   2.73128
   0.98076  -0.48782   2.32664
   0.51042  -0.51042   2.13481
   0.92462  -0.92462   2.48667
   0.48782  -0.98076   2.32664
   1.67336  -0.98076   3.51218
   1.86519  -0.51042   3.48958
   1.51333  -0.92462   3.07538
   1.67336  -0.48782   3.01924
   0.48782  -1.67336   3.01924
   0.51042  -1.86519   3.48958
   0.92462  -1.51333   3.07538
   0.98076  -1.67336   3.51218


IEN=
      5.     20.     26.      4.
     20.     21.     28.     26.
     21.     19.     25.     28.
      4.     26.     27.      3.
     26.     28.     29.     27.
     28.     25.     24.     29.
      3.     27.     14.      1.
     27.     29.     15.     14.
     29.     24.     16.     15.
     11.     22.     30.     12.
     22.     23.     32.     30.
     23.     19.     21.     32.
     12.     30.     31.     13.
     30.     32.     33.     31.
     32.     21.     20.     33.
     13.     31.      7.      2.
     31.     33.      6.      7.
     33.     20.      5.      6.
     16.     24.     34.     17.
     24.     25.     36.     34.
     25.     19.     23.     36.
     17.     34.     35.     18.
     34.     36.     37.     35.
     36.     23.     22.     37.
     18.     35.      9.      8.
     35.     37.     10.      9.
     37.     22.     11.     10.
     50.      5.      4.     56.
     51.     50.     56.     58.
     49.     51.     58.     55.
     56.      4.      3.     57.
     58.     56.     57.     59.
     55.     58.     59.     54.
     57.      3.      1.     44.
     59.     57.     44.     45.
     54.     59.     45.     46.
     52.     41.     42.     60.
     53.     52.     60.     62.
     49.     53.     62.     51.
     60.     42.     43.     61.
     62.     60.     61.     63.
     51.     62.     63.     50.
     61.     43.      2.      7.
     63.     61.      7.      6.
     50.     63.      6.      5.
     54.     46.     47.     64.
     55.     54.     64.     66.
     49.     55.     66.     53.
     64.     47.     48.     65.
     66.     64.     65.     67.
     53.     66.     67.     52.
     65.     48.     38.     39.
     67.     65.     39.     40.
     52.     67.     40.     41.
     80.     71.     70.     86.
     81.     80.     86.     88.
     79.     81.     88.     85.
     86.     70.     69.     87.
     88.     86.     87.     89.
     85.     88.     89.     84.
     87.     69.      1.     14.
     89.     87.     14.     15.
     84.     89.     15.     16.
     82.     76.     77.     90.
     83.     82.     90.     92.
     79.     83.     92.     81.
     90.     77.     78.     91.
     92.     90.     91.     93.
     81.     92.     93.     80.
     91.     78.     68.     73.
     93.     91.     73.     72.
     80.     93.     72.     71.
     84.     16.     17.     94.
     85.     84.     94.     96.
     79.     85.     96.     83.
     94.     17.     18.     95.
     96.     94.     95.     97.
     83.     96.     97.     82.
     95.     18.      8.     74.
     97.     95.     74.     75.
     82.     97.     75.     76.
     71.    104.    110.     70.
    104.    105.    112.    110.
    105.    103.    109.    112.
     70.    110.    111.     69.
    110.    112.    113.    111.
    112.    109.    108.    113.
     69.    111.     44.      1.
    111.    113.     45.     44.
    113.    108.     46.     45.
    100.    106.    114.    101.
    106.    107.    116.    114.
    107.    103.    105.    116.
    101.    114.    115.    102.
    114.    116.    117.    115.
    116.    105.    104.    117.
    102.    115.     73.     68.
    115.    117.     72.     73.
    117.    104.     71.     72.
     46.    108.    118.     47.
    108.    109.    120.    118.
    109.    103.    107.    120.
     47.    118.    119.     48.
    118.    120.    121.    119.
    120.    107.    106.    121.
     48.    119.     98.     38.
    119.    121.     99.     98.
    121.    106.    100.     99.
    134.    125.    124.    140.
    135.    134.    140.    142.
    133.    135.    142.    139.
    140.    124.    123.    141.
    142.    140.    141.    143.
    139.    142.    143.    138.
    141.    123.    122.    128.
    143.    141.    128.    129.
    138.    143.    129.    130.
    136.     11.     12.    144.
    137.    136.    144.    146.
    133.    137.    146.    135.
    144.     12.     13.    145.
    146.    144.    145.    147.
    135.    146.    147.    134.
    145.     13.      2.    127.
    147.    145.    127.    126.
    134.    147.    126.    125.
    138.    130.    131.    148.
    139.    138.    148.    150.
    133.    139.    150.    137.
    148.    131.    132.    149.
    150.    148.    149.    151.
    137.    150.    151.    136.
    149.    132.      8.      9.
    151.    149.      9.     10.
    136.    151.     10.     11.
    125.    158.    164.    124.
    158.    159.    166.    164.
    159.    157.    163.    166.
    124.    164.    165.    123.
    164.    166.    167.    165.
    166.    163.    162.    167.
    123.    165.    152.    122.
    165.    167.    153.    152.
    167.    162.    154.    153.
     41.    160.    168.     42.
    160.    161.    170.    168.
    161.    157.    159.    170.
     42.    168.    169.     43.
    168.    170.    171.    169.
    170.    159.    158.    171.
     43.    169.    127.      2.
    169.    171.    126.    127.
    171.    158.    125.    126.
    154.    162.    172.    155.
    162.    163.    174.    172.
    163.    157.    161.    174.
    155.    172.    173.    156.
    172.    174.    175.    173.
    174.    161.    160.    175.
    156.    173.     39.     38.
    173.    175.     40.     39.
    175.    160.     41.     40.
    178.    182.    188.    177.
    182.    183.    190.    188.
    183.    181.    187.    190.
    177.    188.    189.    176.
    188.    190.    191.    189.
    190.    187.    186.    191.
    176.    189.    128.    122.
    189.    191.    129.    128.
    191.    186.    130.    129.
     76.    184.    192.     77.
    184.    185.    194.    192.
    185.    181.    183.    194.
     77.    192.    193.     78.
    192.    194.    195.    193.
    194.    183.    182.    195.
     78.    193.    180.     68.
    193.    195.    179.    180.
    195.    182.    178.    179.
    130.    186.    196.    131.
    186.    187.    198.    196.
    187.    181.    185.    198.
    131.    196.    197.    132.
    196.    198.    199.    197.
    198.    185.    184.    199.
    132.    197.     74.      8.
    197.    199.     75.     74.
    199.    184.     76.     75.
    201.    178.    177.    207.
    202.    201.    207.    209.
    200.    202.    209.    206.
    207.    177.    176.    208.
    209.    207.    208.    210.
    206.    209.    210.    205.
    208.    176.    122.    152.
    210.    208.    152.    153.
    205.    210.    153.    154.
    203.    100.    101.    211.
    204.    203.    211.    213.
    200.    204.    213.    202.
    211.    101.    102.    212.
    213.    211.    212.    214.
    202.    213.    214.    201.
    212.    102.     68.    180.
    214.    212.    180.    179.
    201.    214.    179.    178.
    205.    154.    155.    215.
    206.    205.    215.    217.
    200.    206.    217.    204.
    215.    155.    156.    216.
    217.    215.    216.    218.
    204.    217.    218.    203.
    216.    156.     38.     98.
    218.    216.     98.     99.
    203.    218.     99.    100.

UBC_num=0;
UBC_dof=

UBC_values=


FBC_num=654;

FBC_dof=
1,67,133,199,265,331,397,463,529,595
2,68,134,200,266,332,398,464,530,596
3,69,135,201,267,333,399,465,531,597
4,70,136,202,268,334,400,466,532,598
5,71,137,203,269,335,401,467,533,599
6,72,138,204,270,336,402,468,534,600
7,73,139,205,271,337,403,469,535,601
8,74,140,206,272,338,404,470,536,602
9,75,141,207,273,339,405,471,537,603
10,76,142,208,274,340,406,472,538,604
11,77,143,209,275,341,407,473,539,605
12,78,144,210,276,342,408,474,540,606
13,79,145,211,277,343,409,475,541,607
14,80,146,212,278,344,410,476,542,608
15,81,147,213,279,345,411,477,543,609
16,82,148,214,280,346,412,478,544,610
17,83,149,215,281,347,413,479,545,611
18,84,150,216,282,348,414,480,546,612
19,85,151,217,283,349,415,481,547,613
20,86,152,218,284,350,416,482,548,614
21,87,153,219,285,351,417,483,549,615
22,88,154,220,286,352,418,484,550,616
23,89,155,221,287,353,419,485,551,617
24,90,156,222,288,354,420,486,552,618
25,91,157,223,289,355,421,487,553,619
26,92,158,224,290,356,422,488,554,620
27,93,159,225,291,357,423,489,555,621
28,94,160,226,292,358,424,490,556,622
29,95,161,227,293,359,425,491,557,623
30,96,162,228,294,360,426,492,558,624
31,97,163,229,295,361,427,493,559,625
32,98,164,230,296,362,428,494,560,626
33,99,165,231,297,363,429,495,561,627
34,100,166,232,298,364,430,496,562,628
35,101,167,233,299,365,431,497,563,629
36,102,168,234,300,366,432,498,564,630
37,103,169,235,301,367,433,499,565,631
38,104,170,236,302,368,434,500,566,632
39,105,171,237,303,369,435,501,567,633
40,106,172,238,304,370,436,502,568,634
41,107,173,239,305,371,437,503,569,635
42,108,174,240,306,372,438,504,570,636
43,109,175,241,307,373,439,505,571,637
44,110,176,242,308,374,440,506,572,638
45,111,177,243,309,375,441,507,573,639
46,112,178,244,310,376,442,508,574,640
47,113,179,245,311,377,443,509,575,641
48,114,180,246,312,378,444,510,576,642
49,115,181,247,313,379,445,511,577,643
50,116,182,248,314,380,446,512,578,644
51,117,183,249,315,381,447,513,579,645
52,118,184,250,316,382,448,514,580,646
53,119,185,251,317,383,449,515,581,647
54,120,186,252,318,384,450,516,582,648
55,121,187,253,319,385,451,517,583,649
56,122,188,254,320,386,452,518,584,650
57,123,189,255,321,387,453,519,585,651
58,124,190,256,322,388,454,520,586,652
59,125,191,257,323,389,455,521,587,653
60,126,192,258,324,390,456,522,588,654
61,127,193,259,325,391,457,523,589
62,128,194,260,326,392,458,524,590
63,129,195,261,327,393,459,525,591
64,130,196,262,328,394,460,526,592
65,131,197,263,329,395,461,527,593
66,132,198,264,330,396,462,528,594

FBC_values=
0,-2.4386e+05,0,-2.006e+05,84425,86374,-3.5198e+05,0,4.0345e+05,2.4445e+05
0,2.4386e+05,-1.7186e+05,-3.4227e+05,1.6974e+05,-86374,3.5198e+05,-5e+05,0,4.1707e+05
1e+06,9.3865e+05,9.8512e+05,9.1794e+05,9.8187e+05,9.9251e+05,8.6731e+05,8.6603e+05,9.15e+05,8.7538e+05
-4.4721e+05,-84713,0,4.4721e+05,3.4227e+05,1.6318e+05,-4.5797e+05,0,4.7984e+05,3.5198e+05
0,2.4686e+05,-2.5272e+05,0,2.006e+05,-1.6318e+05,1.5716e+05,-4.8511e+05,0,-3.5198e+05
8.9443e+05,9.6534e+05,9.6754e+05,8.9443e+05,9.1794e+05,9.7301e+05,8.7496e+05,8.7446e+05,8.7736e+05,8.6731e+05
-86934,-1.6092e+05,0,86934,3.8007e+05,84425,-4.0424e+05,-3.5198e+05,5e+05,4.5797e+05
0,2.3106e+05,-3.2733e+05,0,1.0401e+05,-1.6974e+05,2.8153e+05,-3.5198e+05,0,-1.5716e+05
9.9621e+05,9.5954e+05,9.4491e+05,9.9621e+05,9.1909e+05,9.8187e+05,8.7025e+05,8.6731e+05,8.6603e+05,8.7496e+05
-1.7186e+05,-1.6974e+05,0,1.7186e+05,2.8912e+05,3.4227e+05,-3.4117e+05,-4.5797e+05,4.8511e+05,4.0424e+05
0,84425,-3.9318e+05,0,1.7665e+05,-2.006e+05,3.4117e+05,-1.5716e+05,0,-2.8153e+05
9.8512e+05,9.8187e+05,9.1946e+05,9.8512e+05,9.4085e+05,9.1794e+05,8.759e+05,8.7496e+05,8.7446e+05,8.7025e+05
-2.5272e+05,-86374,-2.1355e+05,2.5272e+05,3.1711e+05,3.8007e+05,-3.5281e+05,-4.0424e+05,3.5198e+05,3.4117e+05
0,86374,-2.1355e+05,0,92444,-1.0401e+05,3.5281e+05,-2.8153e+05,3.5198e+05,-3.4117e+05
9.6754e+05,9.9251e+05,9.5331e+05,9.6754e+05,9.4387e+05,9.1909e+05,8.6663e+05,8.7025e+05,8.6731e+05,8.759e+05
-3.2733e+05,-1.6318e+05,-2.4686e+05,3.2733e+05,92444,2.8912e+05,-1.5716e+05,-3.4117e+05,4.5797e+05,3.5281e+05
0,1.6318e+05,-84713,0,3.1711e+05,-1.7665e+05,4.5797e+05,-3.4117e+05,1.5716e+05,-3.5281e+05
9.4491e+05,9.7301e+05,9.6534e+05,9.4491e+05,9.4387e+05,9.4085e+05,8.7496e+05,8.759e+05,8.7496e+05,8.6663e+05
-3.9318e+05,-84425,-2.3106e+05,3.9318e+05,1.0401e+05,3.1711e+05,-2.8153e+05,-3.5281e+05,4.0424e+05,1.5716e+05
0,1.6974e+05,-1.6092e+05,0,3.8007e+05,-92444,4.0424e+05,-3.5281e+05,2.8153e+05,-4.5797e+05
9.1946e+05,9.8187e+05,9.5954e+05,9.1946e+05,9.1909e+05,9.4387e+05,8.7025e+05,8.6663e+05,8.7025e+05,8.7496e+05
0,-3.4227e+05,-2.8187e+05,1.1575e+05,1.7665e+05,92444,-3.8138e+05,-1.5716e+05,3.4117e+05,2.8153e+05
4.4721e+05,2.006e+05,-2.8187e+05,4.3197e+05,2.8912e+05,-3.1711e+05,1.897e+05,-4.5797e+05,3.4117e+05,-4.0424e+05
8.9443e+05,9.1794e+05,9.1711e+05,8.9443e+05,9.4085e+05,9.4387e+05,9.0475e+05,8.7496e+05,8.759e+05,8.7025e+05
-1.1575e+05,-3.8007e+05,-2.4386e+05,2.2361e+05,2.006e+05,1.0401e+05,-2.265e+05,-2.8153e+05,3.5281e+05,3.8138e+05
4.3197e+05,1.0401e+05,-2.4386e+05,3.873e+05,3.4227e+05,-3.8007e+05,2.265e+05,-4.0424e+05,3.5281e+05,-1.897e+05
8.9443e+05,9.1909e+05,9.3865e+05,8.9443e+05,9.1794e+05,9.1909e+05,9.4731e+05,8.7025e+05,8.6663e+05,9.0475e+05
-2.2361e+05,-2.8912e+05,-84713,3.1623e+05,1.1575e+05,1.7665e+05,-3.291e+05,-3.8138e+05,1.5716e+05,2.265e+05
3.873e+05,1.7665e+05,-2.4686e+05,3.1623e+05,-4.3197e+05,-2.8912e+05,3.291e+05,-1.897e+05,4.5797e+05,-2.265e+05
8.9443e+05,9.4085e+05,9.6534e+05,8.9443e+05,8.9443e+05,9.4085e+05,8.8509e+05,9.0475e+05,8.7496e+05,9.4731e+05
-3.1623e+05,-3.1711e+05,-1.6092e+05,3.873e+05,2.2361e+05,2.006e+05,-1.897e+05,-2.265e+05,2.8153e+05,3.291e+05
3.1623e+05,92444,-2.3106e+05,2.2361e+05,-3.873e+05,-3.4227e+05,3.8138e+05,-2.265e+05,4.0424e+05,-3.291e+05
8.9443e+05,9.4387e+05,9.5954e+05,8.9443e+05,8.9443e+05,9.1794e+05,9.0475e+05,9.4731e+05,8.7025e+05,8.8509e+05
-3.873e+05,-92444,-1.6974e+05,4.3197e+05,3.1623e+05,0,-4.1707e+05,-3.291e+05,3.8138e+05,1.897e+05
2.2361e+05,3.1711e+05,-84425,1.1575e+05,-3.1623e+05,0,2.4445e+05,-3.291e+05,1.897e+05,-3.8138e+05
8.9443e+05,9.4387e+05,9.8187e+05,8.9443e+05,8.9443e+05,1e+06,8.7538e+05,8.8509e+05,9.0475e+05,9.0475e+05
-4.3197e+05,-1.0401e+05,-86374,2.1355e+05,3.873e+05,-2.428e+05,-4.6752e+05,-1.897e+05,2.265e+05,4.1707e+05
1.1575e+05,3.8007e+05,-86374,2.1355e+05,-2.2361e+05,0,1.2794e+05,-3.8138e+05,2.265e+05,-2.4445e+05
8.9443e+05,9.1909e+05,9.9251e+05,9.5331e+05,8.9443e+05,9.7008e+05,8.7468e+05,9.0475e+05,9.4731e+05,8.7538e+05
0,-1.7665e+05,-1.6318e+05,2.4686e+05,4.3197e+05,-4.0345e+05,-4.2628e+05,-4.1707e+05,3.291e+05,4.6752e+05
86934,2.8912e+05,-1.6318e+05,84713,-1.1575e+05,0,2.6045e+05,-2.4445e+05,3.291e+05,-1.2794e+05
9.9621e+05,9.4085e+05,9.7301e+05,9.6534e+05,8.9443e+05,9.15e+05,8.6629e+05,8.7538e+05,8.8509e+05,8.7468e+05
0,-2.006e+05,-84425,2.3106e+05,2.1355e+05,-4.7984e+05,-4.7999e+05,-4.6752e+05,1.897e+05,4.2628e+05
1.7186e+05,3.4227e+05,-1.6974e+05,1.6092e+05,-2.1355e+05,0,1.3993e+05,-1.2794e+05,3.8138e+05,-2.6045e+05
9.8512e+05,9.1794e+05,9.8187e+05,9.5954e+05,9.5331e+05,8.7736e+05,8.6604e+05,8.7468e+05,9.0475e+05,8.6629e+05
0,0,-3.4227e+05,2.8187e+05,2.4686e+05,-5e+05,-1.3993e+05,-4.2628e+05,4.1707e+05,4.7999e+05
2.5272e+05,-4.4721e+05,-2.006e+05,2.8187e+05,-84713,0,4.7999e+05,-2.6045e+05,2.4445e+05,-1.3993e+05
9.6754e+05,8.9443e+05,9.1794e+05,9.1711e+05,9.6534e+05,8.6603e+05,8.6604e+05,8.6629e+05,8.7538e+05,8.6604e+05
0,-1.1575e+05,-3.8007e+05,2.4386e+05,2.3106e+05,-4.8511e+05,-1.2794e+05,-4.7999e+05,4.6752e+05,1.3993e+05
3.2733e+05,-4.3197e+05,-1.0401e+05,2.4386e+05,-1.6092e+05,0,4.6752e+05,-1.3993e+05,1.2794e+05,-4.7999e+05
9.4491e+05,8.9443e+05,9.1909e+05,9.3865e+05,9.5954e+05,8.7446e+05,8.7468e+05,8.6604e+05,8.7468e+05,8.6604e+05
0,-2.2361e+05,-2.8912e+05,84713,2.8187e+05,0,-2.6045e+05,-1.3993e+05,4.2628e+05,1.2794e+05
3.9318e+05,-3.873e+05,-1.7665e+05,2.4686e+05,-2.8187e+05,2.428e+05,4.2628e+05,-4.7999e+05,2.6045e+05,-4.6752e+05
9.1946e+05,8.9443e+05,9.4085e+05,9.6534e+05,9.1711e+05,9.7008e+05,8.6629e+05,8.6604e+05,8.6629e+05,8.7468e+05
-2.1355e+05,-3.1623e+05,-3.1711e+05,1.6092e+05,2.4386e+05,0,-2.4445e+05,-1.2794e+05,4.7999e+05,2.6045e+05
2.1355e+05,-3.1623e+05,-92444,2.3106e+05,-2.4386e+05,4.0345e+05,4.1707e+05,-4.6752e+05,1.3993e+05,-4.2628e+05
9.5331e+05,8.9443e+05,9.4387e+05,9.5954e+05,9.3865e+05,9.15e+05,8.7538e+05,8.7468e+05,8.6604e+05,8.6629e+05
-2.4686e+05,-3.873e+05,-92444,1.6974e+05,84713,0,0,-2.6045e+05,1.3993e+05,2.4445e+05
84713,-2.2361e+05,-3.1711e+05,84425,-2.4686e+05,4.7984e+05,-2.428e+05,-4.2628e+05,4.7999e+05,-4.1707e+05
9.6534e+05,8.9443e+05,9.4387e+05,9.8187e+05,9.6534e+05,8.7736e+05,9.7008e+05,8.6629e+05,8.6604e+05,8.7538e+05
-2.3106e+05,-4.3197e+05,-1.0401e+05,86374,1.6092e+05,0,0,-2.4445e+05,1.2794e+05
1.6092e+05,-1.1575e+05,-3.8007e+05,86374,-2.3106e+05,5e+05,-4.0345e+05,-4.1707e+05,4.6752e+05
9.5954e+05,8.9443e+05,9.1909e+05,9.9251e+05,9.5954e+05,8.6603e+05,9.15e+05,8.7538e+05,8.7468e+05
-2.8187e+05,0,-1.7665e+05,1.6318e+05,1.6974e+05,0,0,2.428e+05,2.6045e+05
2.8187e+05,-86934,-2.8912e+05,1.6318e+05,-84425,4.8511e+05,-4.7984e+05,0,4.2628e+05
9.1711e+05,9.9621e+05,9.4085e+05,9.7301e+05,9.8187e+05,8.7446e+05,8.7736e+05,9.7008e+05,8.6629e+05



