numstep=2000;
dt=2e-4;
interpolation=4;
nq=6;

E=1e9;
nu=0.2;
density=1e3;

sd=3;
nnd=722;
if_ext=1;
EType=2;
nel=240;

nodes=
0.00000000e+000 6.12323400e-017 -1.00000000e+000
0.00000000e+000 1.20536680e-001 -9.92708874e-001
0.00000000e+000 2.39315664e-001 -9.70941817e-001
0.00000000e+000 3.54604887e-001 -9.35016243e-001
0.00000000e+000 4.64723172e-001 -8.85456026e-001
0.00000000e+000 5.68064747e-001 -8.22983866e-001
0.00000000e+000 6.63122658e-001 -7.48510748e-001
0.00000000e+000 7.48510748e-001 -6.63122658e-001
0.00000000e+000 8.22983866e-001 -5.68064747e-001
0.00000000e+000 8.85456026e-001 -4.64723172e-001
0.00000000e+000 9.35016243e-001 -3.54604887e-001
0.00000000e+000 9.70941817e-001 -2.39315664e-001
0.00000000e+000 9.92708874e-001 -1.20536680e-001
0.00000000e+000 1.00000000e+000 0.00000000e+000
0.00000000e+000 9.92708874e-001 1.20536680e-001
0.00000000e+000 9.70941817e-001 2.39315664e-001
0.00000000e+000 9.35016243e-001 3.54604887e-001
0.00000000e+000 8.85456026e-001 4.64723172e-001
0.00000000e+000 8.22983866e-001 5.68064747e-001
0.00000000e+000 7.48510748e-001 6.63122658e-001
0.00000000e+000 6.63122658e-001 7.48510748e-001
0.00000000e+000 5.68064747e-001 8.22983866e-001
0.00000000e+000 4.64723172e-001 8.85456026e-001
0.00000000e+000 3.54604887e-001 9.35016243e-001
0.00000000e+000 2.39315664e-001 9.70941817e-001
0.00000000e+000 1.20536680e-001 9.92708874e-001
1.49975978e-032 6.12323400e-017 1.00000000e+000
-5.75508341e-001 -5.97711245e-001 -5.58149995e-001
-5.40142615e-001 -5.58245902e-001 -6.29767789e-001
-5.16357007e-001 -6.93790609e-001 -5.02025928e-001
-6.06306053e-001 -6.32432341e-001 -4.82101965e-001
-6.73270225e-001 -5.43503475e-001 -5.01309462e-001
-5.72372137e-001 -4.83539794e-001 -6.62253278e-001
-4.65777746e-001 -5.86832219e-001 -6.62328497e-001
-7.31642479e-001 -4.47638704e-001 -5.14119513e-001
-4.20081229e-001 -7.46648116e-001 -5.15798751e-001
-6.70118178e-001 -4.29065048e-001 -6.05677152e-001
-4.06558262e-001 -6.83121533e-001 -6.06675655e-001
-6.00208673e-001 -4.05122492e-001 -6.89655939e-001
-3.87962623e-001 -6.11071569e-001 -6.89983000e-001
-6.36593439e-001 -6.65062593e-001 -3.90436347e-001
-5.11116469e-001 -4.17472745e-001 -7.51316486e-001
-4.04411948e-001 -5.21131894e-001 -7.51580020e-001
-7.77123149e-001 -4.72511086e-001 -4.15707692e-001
-4.41977431e-001 -7.94138748e-001 -4.17132592e-001
-4.15946082e-001 -4.24858424e-001 -8.04042397e-001
-7.70222702e-001 -3.45844080e-001 -5.35862726e-001
-6.60270029e-001 -6.90786406e-001 -2.94716186e-001
-6.25048294e-001 -3.13123141e-001 -7.15030439e-001
-3.15926792e-001 -7.81811373e-001 -5.37551150e-001
-7.42530894e-001 -5.95897874e-001 -3.05865320e-001
-5.63628543e-001 -7.67125897e-001 -3.06334333e-001
-2.94580671e-001 -6.33404204e-001 -7.15556666e-001
-8.12989241e-001 -4.91537554e-001 -3.12152729e-001
-4.58362257e-001 -8.31726616e-001 -3.13264867e-001
-4.33750842e-001 -3.25035073e-001 -8.40364450e-001
-3.15118602e-001 -4.40647238e-001 -8.40553554e-001
-7.26843683e-001 -2.30609395e-001 -6.46929337e-001
-7.99311205e-001 -2.39787499e-001 -5.51002317e-001
-2.04533342e-001 -7.33649031e-001 -6.48016367e-001
-6.43809474e-001 -2.18078745e-001 -7.33451445e-001
-1.98290339e-001 -6.49483273e-001 -7.34065678e-001
-2.07805020e-001 -8.07156824e-001 -5.52553106e-001
-5.49075589e-001 -2.21335617e-001 -8.05932095e-001
-8.64863222e-001 -3.80642062e-001 -3.27296850e-001
-8.57581601e-001 -2.53686487e-001 -4.47433754e-001
-2.05916363e-001 -5.54346662e-001 -8.06410708e-001
-3.44545577e-001 -8.79542389e-001 -3.28166926e-001
-6.78630836e-001 -7.09399560e-001 -1.90295699e-001
-4.46523658e-001 -2.21440988e-001 -8.66937432e-001
-2.10588942e-001 -4.51259094e-001 -8.67189442e-001
-8.38505959e-001 -5.05499271e-001 -2.03416429e-001
-4.71325135e-001 -8.58001472e-001 -2.04171720e-001
-2.18182764e-001 -8.66732438e-001 -4.48521084e-001
-9.03575659e-001 -2.63953934e-001 -3.37460145e-001
-6.55284211e-001 -1.14122888e-001 -7.46711838e-001
-8.16837233e-001 -1.27927917e-001 -5.62504562e-001
-9.64887710e-002 -6.59121254e-001 -7.45821084e-001
-9.86233427e-002 -8.21271045e-001 -5.61949559e-001
-3.39188042e-001 -2.28500659e-001 -9.12545298e-001
-2.25401306e-001 -9.13758101e-001 -3.37994651e-001
-2.20407298e-001 -3.44195228e-001 -9.12661092e-001
-6.89128207e-001 -7.19792754e-001 -8.36702154e-002
-7.78081910e-001 -6.21874040e-001 -8.86635163e-002
-4.54200511e-001 -1.14339792e-001 -8.83531724e-001
-5.88734999e-001 -8.03430204e-001 -8.88313439e-002
-8.53399130e-001 -5.13056505e-001 -9.21029210e-002
-1.04477057e-001 -4.57806043e-001 -8.82891937e-001
-4.78274036e-001 -8.73328470e-001 -9.24733981e-002
-7.47372425e-001 -1.17452699e-002 -6.64301518e-001
-6.59475905e-001 -8.89863275e-003 -7.51673031e-001
-9.36131908e-001 -2.71458782e-001 -2.23533399e-001
-2.27222220e-001 -2.32441102e-001 -9.45696144e-001
6.33506115e-003 -6.61776083e-001 -7.49674785e-001
9.11859484e-003 -7.49310940e-001 -6.62155546e-001
-8.23783562e-001 -1.44114095e-002 -5.66721231e-001
-5.62246369e-001 -7.45004871e-003 -8.26936223e-001
-9.27307508e-001 -1.41955399e-001 -3.46337193e-001
-2.32386637e-001 -9.46559792e-001 -2.23653775e-001
4.62326369e-003 -5.64696862e-001 -8.25285453e-001
-9.12144461e-001 -3.97451360e-001 -1.00124421e-001
1.17623430e-002 -8.25359072e-001 -5.64485651e-001
-1.05822672e-001 -9.32602866e-001 -3.45041239e-001
-3.60221977e-001 -9.27474798e-001 -1.00153015e-001
-8.86865767e-001 -1.62037140e-002 -4.61742950e-001
-4.56515540e-001 -5.88881823e-003 -8.89695950e-001
-6.92108407e-001 -7.21353769e-001 2.51930984e-002
2.84145023e-003 -4.59065715e-001 -8.88397769e-001
1.36397240e-002 -8.88226493e-001 -4.59203283e-001
-8.57541350e-001 -5.14008270e-001 2.04531497e-002
-2.31296324e-001 -1.18441386e-001 -9.65646751e-001
-9.55492877e-001 -2.75137272e-001 -1.06455829e-001
-6.55703870e-001 9.46812313e-002 -7.49058008e-001
-1.13737129e-001 -2.35231329e-001 -9.65261668e-001
-4.80330309e-001 -8.76848849e-001 2.04668109e-002
1.09492613e-001 -6.57804987e-001 -7.45187203e-001
-9.36642309e-001 -1.77529140e-002 -3.49837132e-001
-2.36072407e-001 -9.65921676e-001 -1.06137333e-001
-3.46880191e-001 -4.40264073e-003 -9.37899115e-001
-8.19148907e-001 9.70361806e-002 -5.65313230e-001
2.06414448e-003 -3.49492798e-001 -9.36936777e-001
1.53119606e-002 -9.37734797e-001 -3.47014400e-001
1.22317762e-001 -8.18860629e-001 -5.60808020e-001
-4.54062731e-001 1.02168762e-001 -8.85092413e-001
1.10320431e-001 -4.57077187e-001 -8.82558693e-001
-6.86878444e-001 -7.14357697e-001 1.33757558e-001
-9.72080835e-001 -1.81887646e-002 -2.33940205e-001
-7.75586669e-001 -6.16762388e-001 1.34422749e-001
-2.32268615e-001 -2.85330444e-003 -9.72647495e-001
-9.82684740e-001 -1.48000070e-001 -1.11475026e-001
-5.86597012e-001 -7.98614488e-001 1.34606259e-001
-9.61349693e-001 -2.75083243e-001 1.16609367e-002
1.25719170e-003 -2.34900164e-001 -9.72018689e-001
-6.44883114e-001 1.97243286e-001 -7.38390720e-001
-8.50804001e-001 -5.08438845e-001 1.32749733e-001
1.60710757e-002 -9.72802689e-001 -2.31077150e-001
-1.10636560e-001 -9.87773219e-001 -1.09834509e-001
2.11481070e-001 -6.46810251e-001 -7.32742968e-001
-4.76251750e-001 -8.69170015e-001 1.33145615e-001
-7.29956695e-001 2.03754456e-001 -6.52416543e-001
-2.37675666e-001 -9.71265768e-001 1.23727623e-002
-8.04320739e-001 2.07276250e-001 -5.56870456e-001
-9.31195276e-001 1.04902612e-001 -3.49099986e-001
-5.49513994e-001 2.04598159e-001 -8.10045655e-001
2.23045841e-001 -7.29858974e-001 -6.46186065e-001
2.15534827e-001 -5.52230762e-001 -8.05348324e-001
-9.09924019e-001 -3.93111690e-001 1.32293154e-001
1.36153680e-001 -9.29033102e-001 -3.44034405e-001
-6.73982418e-001 -6.99810161e-001 2.36671585e-001
2.31371333e-001 -8.02308006e-001 -5.50244646e-001
-3.59092394e-001 -9.23771292e-001 1.33038537e-001
-4.46295731e-001 2.09030595e-001 -8.70130065e-001
-9.93241265e-001 -1.83574554e-002 -1.14607122e-001
2.16520823e-001 -4.49791235e-001 -8.66490957e-001
-1.16936688e-001 -1.43650907e-003 -9.93138332e-001
-8.64258851e-001 2.18202719e-001 -4.53259541e-001
6.33039770e-004 -1.18280406e-001 -9.92980032e-001
-2.31114200e-001 1.12629062e-001 -9.66385493e-001
1.65943996e-002 -9.93597834e-001 -1.11749587e-001
1.16201336e-001 -2.34444039e-001 -9.65159698e-001
-6.28303364e-001 2.94207913e-001 -7.20192048e-001
-8.33453923e-001 -4.97432637e-001 2.40656039e-001
-9.53761192e-001 -2.71181933e-001 1.29614614e-001
3.05206031e-001 -6.29734765e-001 -7.14341238e-001
-4.67229085e-001 -8.50626615e-001 2.41104424e-001
2.44945891e-001 -8.60689884e-001 -4.46334441e-001
-2.35933457e-001 -9.62938544e-001 1.30708701e-001
-9.11710854e-001 2.25976773e-001 -3.43100301e-001
-3.38894203e-001 2.19314052e-001 -9.14905495e-001
2.24593441e-001 -3.42670681e-001 -9.12214114e-001
-9.99827952e-001 -1.76050118e-002 5.84200516e-003
-7.78168602e-001 3.16393500e-001 -5.42539196e-001
-6.53693320e-001 -6.77586243e-001 3.36989506e-001
1.62356914e-002 -9.99830231e-001 8.71270109e-003
2.54995667e-001 -9.06686398e-001 -3.36001466e-001
3.35434949e-001 -7.75235118e-001 -5.35251255e-001
-9.80974187e-001 -1.45096253e-001 1.28983415e-001
-9.87298083e-001 1.10684731e-001 -1.13979758e-001
-7.35608413e-001 -5.83557314e-001 3.44007447e-001
-4.34794530e-001 3.14247964e-001 -8.43920573e-001
-5.57418053e-001 -7.55511807e-001 3.44219441e-001
3.19409822e-001 -4.38682866e-001 -8.39961135e-001
-1.11039777e-001 -9.85153285e-001 1.30931936e-001
-9.32789691e-001 -2.64665511e-001 2.44653958e-001
1.42967120e-001 -9.83686846e-001 -1.09181466e-001
2.29604719e-001 -2.30879325e-001 -9.45503258e-001
-2.26868234e-001 2.26604820e-001 -9.47196421e-001
-9.45008415e-001 2.33587725e-001 -2.28901443e-001
-6.05435418e-001 3.88228043e-001 -6.94785537e-001
-8.06047446e-001 -4.80424441e-001 3.45658606e-001
-2.31766895e-001 -9.41230066e-001 2.45703216e-001
3.96057610e-001 -6.06730601e-001 -6.89214297e-001
-4.52562120e-001 -8.21807330e-001 3.46150602e-001
2.62871924e-001 -9.38944406e-001 -2.21994941e-001
-5.14916339e-001 4.04442305e-001 -7.55835687e-001
-6.77987748e-001 4.07393177e-001 -6.11852444e-001
4.09799328e-001 -5.17736704e-001 -7.51008133e-001
-9.91865200e-001 -1.65963811e-002 1.26206120e-001
4.18412873e-001 -6.77103952e-001 -6.05360146e-001
-6.28519233e-001 -6.50313956e-001 4.26679426e-001
1.17371058e-001 -1.04881188e-003 -9.93087577e-001
-8.58979782e-001 -3.70249308e-001 3.53651218e-001
1.56407518e-002 -9.91514964e-001 1.29048218e-001
-8.76653439e-001 3.46298451e-001 -3.34000195e-001
2.32912812e-001 -1.17261944e-001 -9.65402123e-001
-3.41032329e-001 -8.70696493e-001 3.54379130e-001
-1.14181521e-001 2.34495189e-001 -9.65388309e-001
-9.64879265e-001 2.37879854e-001 -1.11450346e-001
3.69244315e-001 -8.70224665e-001 -3.26140566e-001
-7.42059103e-001 4.21462212e-001 -5.21265663e-001
4.35544801e-001 -7.39024550e-001 -5.13948869e-001
4.18653277e-001 -4.22567645e-001 -8.03844524e-001
3.40688430e-001 -2.26538330e-001 -9.12475632e-001
-4.18123660e-001 4.15728952e-001 -8.07676942e-001
-2.22192602e-001 3.39527119e-001 -9.13975811e-001
-5.80842411e-001 4.66635930e-001 -6.66988008e-001
2.67041660e-001 -9.57963202e-001 -1.04858266e-001
-8.99023750e-001 -2.54518853e-001 3.56337550e-001
4.72712761e-001 -5.81795447e-001 -6.61858522e-001
-7.68785599e-001 -4.60009609e-001 4.44252026e-001
-4.35087591e-001 -7.83036908e-001 4.44468208e-001
-2.24422263e-001 -9.06615105e-001 3.57328560e-001
-9.69572034e-001 -1.52799460e-002 2.44328864e-001
-7.89816649e-001 4.44067837e-001 -4.23076137e-001
2.33119480e-001 -2.08312410e-003 -9.72445869e-001
-9.85607259e-001 1.11721761e-001 1.26872294e-001
1.45388283e-002 -9.68968506e-001 2.46756269e-001
4.59700286e-001 -7.84968023e-001 -4.15332216e-001
4.35443902e-001 -3.22728424e-001 -8.40377875e-001
-3.18119588e-001 4.34246359e-001 -8.42751463e-001
-9.70815118e-001 2.39725576e-001 7.04664694e-003
-5.97423367e-001 -6.16914544e-001 5.12349261e-001
1.41147927e-001 -9.81257349e-001 1.31191759e-001
-9.22995424e-001 -1.35133679e-001 3.60303118e-001
2.67600752e-001 -9.63438211e-001 1.32910118e-002
-6.88280527e-001 5.18514686e-001 -5.07358292e-001
-1.06359788e-001 -9.26200690e-001 3.61717954e-001
-6.64180508e-001 -5.28898347e-001 5.28328299e-001
-8.27754420e-001 4.61152374e-001 -3.19626513e-001
-5.51878382e-001 5.41532234e-001 -6.34171185e-001
-5.08131345e-001 -6.80260624e-001 5.28249960e-001
5.45942583e-001 -5.52644539e-001 -6.29706845e-001
-9.25636350e-001 3.63221691e-001 -1.06147783e-001
5.13209177e-001 -4.14414004e-001 -7.51583245e-001
-4.10344599e-001 5.11659427e-001 -7.54865512e-001
4.78146508e-001 -8.21162558e-001 -3.11557330e-001
5.28806311e-001 -6.85039507e-001 -5.01083585e-001
-8.51954644e-001 -2.43511480e-001 4.63546593e-001
4.47190134e-001 -2.19150562e-001 -8.67175885e-001
3.86464398e-001 -9.16975480e-001 -9.90011982e-002
-2.14433621e-001 4.47737828e-001 -8.68072036e-001
1.14636144e-001 2.34376370e-001 -9.65363285e-001
2.31977139e-001 1.12878674e-001 -9.66149581e-001
-2.16926093e-001 -8.58746159e-001 4.64217734e-001
-7.22662826e-001 -4.34292766e-001 5.37725054e-001
-4.12620495e-001 -7.35281250e-001 5.37685606e-001
-9.33266903e-001 -1.37426898e-002 3.58920640e-001
-5.91231948e-001 5.77598840e-001 -5.62871533e-001
-9.63081721e-001 2.38195919e-001 1.25444422e-001
3.47565079e-001 -3.75943129e-003 -9.37648326e-001
5.83196242e-001 -5.90147991e-001 -5.58218141e-001
-5.66435148e-001 -5.83343878e-001 5.82117809e-001
1.32280583e-002 -9.32503065e-001 3.60919730e-001
2.64416232e-001 -9.55435163e-001 1.31254354e-001
-8.54535339e-001 4.74752412e-001 -2.10664428e-001
5.75982930e-001 -4.78800122e-001 -6.62566304e-001
-4.76589884e-001 5.73693497e-001 -6.66136513e-001
4.54752249e-001 -1.12921533e-001 -8.83430314e-001
-1.07846484e-001 4.58909894e-001 -8.81913173e-001
4.92044194e-001 -8.46609054e-001 -2.02843834e-001
-7.62448170e-001 -3.33712730e-001 5.54354220e-001
-3.11378104e-001 -7.71742628e-001 5.54488045e-001
2.27759440e-001 2.26344020e-001 -9.47044889e-001
-6.25895187e-001 6.09083272e-001 -4.87106541e-001
-7.61907920e-001 5.67400028e-001 -3.12335606e-001
-8.70399642e-001 4.82287529e-001 -9.90111233e-002
6.15839746e-001 -6.22986336e-001 -4.82316734e-001
6.01740750e-001 -4.01395747e-001 -6.90499474e-001
5.79412940e-001 -7.55574377e-001 -3.05594510e-001
-9.41854183e-001 2.34001643e-001 2.41151258e-001
-3.97619975e-001 6.01423271e-001 -6.92956279e-001
5.49335284e-001 -2.18496754e-001 -8.06529550e-001
-9.27219389e-001 1.07197059e-001 3.58849543e-001
-2.13219679e-001 5.50465651e-001 -8.07170946e-001
-7.93102629e-001 -2.29136236e-001 5.64344581e-001
-6.61417386e-001 -4.16871852e-001 6.23494106e-001
-3.98971540e-001 -6.72508703e-001 6.23340802e-001
-2.06442216e-001 -7.99049768e-001 5.64713272e-001
-5.31507424e-001 -5.45716107e-001 6.47837779e-001
1.31767264e-001 -9.22927223e-001 3.61721895e-001
-8.83033846e-001 -1.20157939e-002 4.69155463e-001
2.58192544e-001 -9.34245793e-001 2.46010993e-001
4.99712947e-001 -8.61338077e-001 -9.15624790e-002
4.57036509e-001 -5.38193549e-003 -8.89431652e-001
1.13487986e-002 -8.82207037e-001 4.70724918e-001
-9.23243918e-001 3.62525200e-001 1.27264087e-001
-6.58425614e-001 6.40243048e-001 -3.95682384e-001
6.47385766e-001 -6.54363323e-001 -3.90768871e-001
6.25755734e-001 -3.09572300e-001 -7.15957228e-001
-3.04791959e-001 6.26465122e-001 -7.17386446e-001
3.83437496e-001 -9.13890812e-001 1.33338930e-001
6.71872268e-001 -4.24080983e-001 -6.07242106e-001
6.78852193e-001 -5.35476050e-001 -5.02419248e-001
-4.57780125e-001 -5.75949828e-001 6.77288087e-001
-5.64149657e-001 -4.71948190e-001 6.77495439e-001
-4.21064030e-001 6.72166153e-001 -6.09013748e-001
2.22338932e-001 3.37774210e-001 -9.14589516e-001
3.39794655e-001 2.18847884e-001 -9.14683112e-001
-8.74632510e-001 4.84583132e-001 1.40414004e-002
-8.11431202e-001 -1.20360118e-001 5.71920314e-001
-9.91537045e-002 -8.13842633e-001 5.72563282e-001
-5.36009609e-001 6.76126794e-001 -5.05515833e-001
1.07584422e-001 4.57344769e-001 -8.82757812e-001
4.54745140e-001 1.02081507e-001 -8.84752069e-001
-9.07576057e-001 2.26564976e-001 3.53516636e-001
5.01217794e-001 -8.65066215e-001 2.10039552e-002
-6.84116621e-001 6.64752277e-001 -3.00148063e-001
6.72224431e-001 -6.78960663e-001 -2.95172378e-001
6.43728194e-001 -2.14759510e-001 -7.34501440e-001
2.48442769e-001 -9.00297606e-001 3.57407907e-001
-5.92624630e-001 -3.94694088e-001 7.02148578e-001
-3.80748975e-001 -6.02026853e-001 7.01850331e-001
-2.08964495e-001 6.45341950e-001 -7.34756836e-001
-7.20500623e-001 -2.21271676e-001 6.57204457e-001
-2.02875605e-001 -7.25783502e-001 6.57327770e-001
-7.99090967e-001 5.93693336e-001 -9.47726204e-002
-8.19839565e-001 -1.01125294e-002 5.72503995e-001
5.62224374e-001 -6.99646941e-003 -8.26955139e-001
7.33696194e-001 -4.41522524e-001 -5.16476287e-001
-4.39202456e-001 7.34439387e-001 -5.17397322e-001
9.30395546e-003 -8.19039255e-001 5.73662039e-001
6.05632057e-001 -7.90772946e-001 -8.88141876e-002
-8.67666530e-001 4.80674104e-001 1.26914137e-001
4.96363507e-001 -8.57818942e-001 1.33303905e-001
2.13916978e-001 4.44644643e-001 -8.69787714e-001
4.47189850e-001 2.08363300e-001 -8.69831003e-001
6.54898287e-001 -1.12238974e-001 -7.47335699e-001
-8.59941123e-001 2.18716910e-001 4.61155264e-001
-1.05063962e-001 6.57874801e-001 -7.45762905e-001
-6.18141485e-001 -3.03936165e-001 7.24930281e-001
6.90965720e-001 -6.97197922e-001 -1.91001128e-001
-8.71065085e-001 3.44350483e-001 3.50240437e-001
-2.89960913e-001 -6.25112435e-001 7.24677247e-001
2.37669561e-001 -8.53197937e-001 4.64291353e-001
-8.14991705e-001 9.94545158e-002 5.70874172e-001
-7.03042526e-001 6.83704943e-001 -1.95649578e-001
-3.97427748e-001 -5.13183218e-001 7.60719508e-001
-5.03952482e-001 -4.08883270e-001 7.60819537e-001
3.61619788e-001 -8.62430060e-001 3.54182892e-001
7.26596642e-001 -2.26591599e-001 -6.48624366e-001
-8.49683868e-001 4.71672249e-001 2.35717233e-001
-2.19805424e-001 7.28934697e-001 -6.48336165e-001
1.17149885e-001 -8.11442132e-001 5.72571018e-001
-5.87963145e-001 7.47012629e-001 -3.10276445e-001
7.49964034e-001 -5.85774128e-001 -3.07282636e-001
7.79946027e-001 -4.65578046e-001 -4.18235912e-001
7.71016557e-001 -3.40401449e-001 -5.38201006e-001
-4.63647307e-001 7.80684331e-001 -4.19002566e-001
-3.35452181e-001 7.73079308e-001 -5.38349531e-001
4.85926746e-001 -8.40099193e-001 2.41057139e-001
6.58995511e-001 -8.50626332e-003 -7.52098770e-001
-7.43821338e-001 -8.20826856e-003 6.68328094e-001
-6.37843411e-001 -2.10319080e-001 7.40892480e-001
-1.96477233e-001 -6.42386670e-001 7.40767213e-001
4.34545175e-001 3.11348429e-001 -8.45122859e-001
3.17260548e-001 4.30190781e-001 -8.45151842e-001
7.29427219e-003 -7.43188013e-001 6.69042876e-001
7.01736386e-001 -7.07392667e-001 -8.46265868e-002
2.11112814e-001 5.46517219e-001 -8.10401326e-001
5.49372700e-001 2.03688328e-001 -8.10370719e-001
-7.13786896e-001 6.94701111e-001 -8.88742560e-002
-7.95823753e-001 5.91575317e-001 1.29240852e-001
-4.09481673e-001 -4.18367693e-001 8.10736229e-001
6.02252447e-001 -7.86986519e-001 1.33956000e-001
-8.00338601e-001 2.07825014e-001 5.62376109e-001
1.03238966e-001 6.55466812e-001 -7.48134329e-001
6.54900212e-001 9.43276464e-002 -7.49805313e-001
7.99015140e-001 -2.35164836e-001 -5.53418743e-001
-6.50699499e-001 -1.08825740e-001 7.51496587e-001
2.23626373e-001 -7.94359535e-001 5.64786840e-001
-9.61450661e-002 -6.52699164e-001 7.51491802e-001
8.16548796e-001 -4.83874885e-001 -3.14822424e-001
-8.21298931e-001 4.56895936e-001 3.41634555e-001
-4.82334737e-001 8.17234991e-001 -3.15404772e-001
-2.27442952e-001 8.01904092e-001 -5.52466769e-001
4.69642500e-001 -8.12269962e-001 3.45909570e-001
4.16956976e-001 4.10791559e-001 -8.10800330e-001
7.04213689e-001 -7.09580777e-001 2.40458115e-002
-5.43616274e-001 -2.14943094e-001 8.11345064e-001
-2.03735795e-001 -5.48525164e-001 8.10932716e-001
-7.16210492e-001 6.97587871e-001 2.03394482e-002
7.46344045e-001 -1.11882168e-002 -6.65466295e-001
-4.28100358e-001 -3.19292228e-001 8.45448140e-001
-3.10579707e-001 -4.35181248e-001 8.45078415e-001
2.05371516e-001 6.40786303e-001 -7.39740126e-001
-6.56672081e-001 -6.18117379e-003 7.54150894e-001
6.43865037e-001 1.96161981e-001 -7.39566286e-001
5.17623285e-003 -6.56296749e-001 7.54485112e-001
-7.72564480e-001 3.13818952e-001 5.51961765e-001
-6.14378333e-001 7.83548731e-001 -9.26857539e-002
7.86311057e-001 -6.11175375e-001 -9.04410469e-002
3.26231860e-001 -7.65616092e-001 5.54440955e-001
-7.82917313e-001 4.39006145e-001 4.40810713e-001
-7.26864461e-001 2.03910400e-001 6.55811408e-001
8.15800377e-001 -1.25215144e-001 -5.64615722e-001
4.49957720e-001 -7.74638120e-001 4.44380280e-001
4.06580786e-001 5.05630325e-001 -7.60940233e-001
-7.10081216e-001 6.92144149e-001 1.29310262e-001
2.16367670e-001 -7.21879166e-001 6.57324502e-001
5.12559933e-001 3.98955069e-001 -7.60340166e-001
-1.14474011e-001 8.17820208e-001 -5.63973234e-001
6.98366753e-001 -7.03381206e-001 1.32433974e-001
8.42596375e-001 -4.97547056e-001 -2.06102586e-001
-4.96350068e-001 8.43219005e-001 -2.06442047e-001
-7.53903107e-001 5.61872148e-001 3.40484645e-001
6.25957628e-001 2.90662410e-001 -7.23665953e-001
2.99866784e-001 6.20667142e-001 -7.24466846e-001
8.57603484e-001 -2.48840896e-001 -4.50104957e-001
5.70661032e-001 -7.46003234e-001 3.43256699e-001
8.66642864e-001 -3.74181474e-001 -3.30027834e-001
-6.53306190e-001 9.59669544e-002 7.50986928e-001
-2.40225703e-001 8.60549860e-001 -4.49160939e-001
-3.68863802e-001 8.68920659e-001 -3.30024824e-001
1.06185745e-001 -6.51175249e-001 7.51462163e-001
-4.41852603e-001 -2.16587202e-001 8.70549402e-001
-2.08185681e-001 -4.47101764e-001 8.69918809e-001
-6.96295587e-001 6.78895270e-001 2.32967097e-001
6.84605720e-001 -6.89890091e-001 2.35301235e-001
8.22391329e-001 -1.37007566e-002 -5.68757233e-001
-5.60066242e-001 -5.10410823e-003 8.28432105e-001
-7.35431068e-001 4.16011107e-001 5.34860638e-001
4.33161115e-003 -5.60151898e-001 8.28378590e-001
4.25098368e-001 -7.28097841e-001 5.37740562e-001
8.57955275e-001 -5.04907640e-001 -9.47682538e-002
2.14932045e-001 7.23491153e-001 -6.56021926e-001
-5.04039679e-001 8.58456637e-001 -9.48483268e-002
7.27738099e-001 2.02617037e-001 -6.55243157e-001
-6.43109603e-001 1.97111692e-001 7.39970958e-001
3.91493103e-001 5.94609804e-001 -7.02262295e-001
6.02101225e-001 3.82400434e-001 -7.00888024e-001
2.06108096e-001 -6.39386830e-001 7.40745526e-001
9.03933787e-001 -2.58960182e-001 -3.40357656e-001
-6.74773893e-001 6.58103650e-001 3.34035594e-001
6.63346166e-001 -6.68842576e-001 3.35591229e-001
-2.49579276e-001 9.06911435e-001 -3.39443419e-001
-6.10837800e-001 7.80798033e-001 1.31269241e-001
-1.02965383e-001 -4.54011850e-001 8.85026197e-001
-4.51086640e-001 -1.10905776e-001 8.85562393e-001
7.83303367e-001 -6.07364137e-001 1.32456184e-001
1.11444195e-001 8.14634808e-001 -5.69166339e-001
8.16842455e-001 9.68416049e-002 -5.68673991e-001
-3.35498193e-001 -2.24262347e-001 9.14957574e-001
-2.17897721e-001 -3.40321229e-001 9.14714187e-001
4.69595116e-001 5.66329172e-001 -6.77312111e-001
-6.72576899e-001 4.01726989e-001 6.21494763e-001
5.75232827e-001 4.59772829e-001 -6.76547220e-001
4.08924896e-001 -6.66624773e-001 6.23210913e-001
-6.79419333e-001 5.11581629e-001 5.25997726e-001
-6.25448814e-001 2.91310964e-001 7.23845082e-001
5.18015426e-001 -6.73339284e-001 5.27517040e-001
2.98471289e-001 -6.21321393e-001 7.24482309e-001
-6.47983945e-001 6.32483585e-001 4.24359896e-001
8.62140020e-001 -5.06354500e-001 1.78803337e-002
6.37101601e-001 -6.42789241e-001 4.25351082e-001
-5.05639944e-001 8.62553804e-001 1.81433812e-002
8.85392726e-001 -1.54117969e-002 -4.64588202e-001
-4.55142554e-001 -3.95123876e-003 8.90409818e-001
3.42329401e-003 -4.55770131e-001 8.90090933e-001
5.44164727e-001 5.33788481e-001 -6.47267030e-001
4.12945444e-001 6.63908382e-001 -6.23459478e-001
2.21496370e-001 7.96110368e-001 -5.63158628e-001
9.14660695e-001 -3.90888424e-001 -1.02966269e-001
6.72866430e-001 4.01231700e-001 -6.21501319e-001
8.01286924e-001 2.06197617e-001 -5.61624258e-001
9.26548090e-001 -1.38969138e-001 -3.49565753e-001
-5.48740233e-001 2.04435709e-001 8.10611003e-001
-3.85758487e-001 9.16880050e-001 -1.02573701e-001
2.11656354e-001 -5.45659428e-001 8.10837454e-001
9.36806903e-001 -2.66611648e-001 -2.26519438e-001
-1.25789065e-001 9.28339739e-001 -3.49803432e-001
-6.01880379e-001 3.82758672e-001 7.00882164e-001
3.88111884e-001 -5.97588381e-001 7.01610499e-001
-2.56971550e-001 9.39726393e-001 -2.25565795e-001
-2.24667481e-001 -2.28945326e-001 9.47158150e-001
-6.15017046e-001 6.00834327e-001 5.10638957e-001
6.04852745e-001 -6.10678013e-001 5.11102262e-001
8.55367560e-001 -5.01365945e-001 1.30301674e-001
7.42179699e-001 -5.76306280e-001 3.42111628e-001
-5.00774856e-001 8.55621950e-001 1.30903099e-001
-5.79104512e-001 7.39999213e-001 3.42109819e-001
3.27589507e-001 7.65550284e-001 -5.53730870e-001
7.73262927e-001 3.12702163e-001 -5.51617442e-001
-4.53533347e-001 1.03070144e-001 8.85259311e-001
1.09478771e-001 -4.52659444e-001 8.84937188e-001
-5.75090149e-001 4.60037475e-001 6.76488612e-001
4.64164427e-001 -5.71669830e-001 6.76568540e-001
5.72882946e-001 -5.78200500e-001 5.80938303e-001
-5.81613154e-001 5.69406027e-001 5.80950011e-001
9.35269688e-001 -1.68943837e-002 -3.53532446e-001
5.81708713e-001 5.69219699e-001 -5.81036924e-001
-3.45913665e-001 -2.79061418e-003 9.38262196e-001
2.82937010e-003 -3.46727687e-001 9.37961570e-001
8.37755650e-001 -4.91267568e-001 2.38372917e-001
9.56472610e-001 -2.70504337e-001 -1.09487675e-001
-4.90476625e-001 8.37962008e-001 2.39274639e-001
4.29660318e-001 7.25590350e-001 -5.37504097e-001
-2.60740634e-001 9.59291604e-001 -1.08507788e-001
7.35782931e-001 4.15382767e-001 -5.34865063e-001
-1.11968016e-001 -2.32375642e-001 9.66159782e-001
-2.29725880e-001 -1.16030269e-001 9.66314129e-001
-4.46716356e-001 2.08908004e-001 8.69943643e-001
8.60833929e-001 2.17064156e-001 -4.60269593e-001
2.14298890e-001 -4.44440948e-001 8.69797809e-001
2.34492911e-001 8.55108658e-001 -4.62387562e-001
5.36929359e-001 -5.41702223e-001 6.46734540e-001
-5.44110516e-001 5.33965008e-001 6.47166993e-001
-5.12451939e-001 3.99233047e-001 7.60267048e-001
4.03612986e-001 -5.09567930e-001 7.59892810e-001
6.79681654e-001 5.11179822e-001 -5.26049464e-001
5.25750676e-001 6.67359820e-001 -5.27462888e-001
9.12597759e-001 -3.87758357e-001 1.29648707e-001
6.69458757e-001 -5.24085164e-001 5.26459603e-001
-3.83009378e-001 9.14465637e-001 1.30600214e-001
-5.25640336e-001 6.67525462e-001 5.27363247e-001
8.10013975e-001 -4.75229005e-001 3.43561862e-001
1.23063975e-001 9.25713593e-001 -3.57644518e-001
9.28723857e-001 1.04783750e-001 -3.55657648e-001
-4.74213062e-001 8.10110506e-001 3.44736045e-001
6.15150868e-001 6.00637151e-001 -5.10709725e-001
-4.34310453e-001 3.11720809e-001 8.45106246e-001
3.16174386e-001 -4.32508545e-001 8.44375577e-001
9.62513918e-001 -2.71090586e-001 8.76647494e-003
9.71057369e-001 -1.70173940e-002 -2.38239362e-001
9.82690654e-001 -1.44893799e-001 -1.15433382e-001
-2.31765142e-001 -1.59030107e-003 9.72770471e-001
2.19531949e-003 -2.32767880e-001 9.72529843e-001
-2.61508919e-001 9.65150981e-001 9.83204633e-003
-1.31513654e-001 9.84559682e-001 -1.15526585e-001
7.72492066e-001 -4.55859567e-001 4.42095083e-001
-4.54530381e-001 7.72395505e-001 4.43629706e-001
9.08383754e-001 2.24905538e-001 -3.52500290e-001
2.44252391e-001 9.02302587e-001 -3.55233459e-001
4.54626456e-001 7.72268156e-001 -4.43752950e-001
5.68601836e-001 -4.68853151e-001 6.75920612e-001
7.83296600e-001 4.38352441e-001 -4.40787447e-001
-3.39470077e-001 2.19313043e-001 9.14692219e-001
-4.69577675e-001 5.66539981e-001 6.77147884e-001
2.23163616e-001 -3.38314828e-001 9.14188754e-001
-4.16978916e-001 4.10998302e-001 8.10684266e-001
4.14519071e-001 -4.15746195e-001 8.09523959e-001
7.26092783e-001 -4.31251454e-001 5.35547807e-001
9.55059930e-001 -2.67875907e-001 1.26897711e-001
-4.29579790e-001 7.25728607e-001 5.37381795e-001
-2.58605819e-001 9.57460372e-001 1.28033846e-001
-2.31215438e-001 1.13321794e-001 9.66280286e-001
8.61411814e-001 -3.66735743e-001 3.51389501e-001
1.16388019e-001 -2.31742834e-001 9.65789360e-001
3.62084699e-001 8.62813629e-001 -3.52770908e-001
-3.61994754e-001 8.62907629e-001 3.52633267e-001
9.92693571e-001 -1.68924053e-002 -1.19474352e-001
8.71727843e-001 3.43196574e-001 -3.49723718e-001
-1.16679576e-001 -8.00619333e-004 9.93169289e-001
1.10527652e-003 -1.17191540e-001 9.93108716e-001
5.08258227e-001 -4.06513804e-001 7.59223354e-001
6.48142187e-001 6.32282303e-001 -4.24418184e-001
6.64939554e-001 -4.14311637e-001 6.21450929e-001
-4.06605240e-001 5.05861219e-001 7.60773689e-001
-4.12912785e-001 6.64096555e-001 6.23280673e-001
9.34127843e-001 -2.62209221e-001 2.42180710e-001
5.96202010e-001 -3.92646173e-001 7.00265768e-001
4.74322836e-001 8.09994291e-001 -3.44858082e-001
-3.91515899e-001 5.94857334e-001 7.02039923e-001
8.21696024e-001 4.56221555e-001 -3.41580937e-001
-2.53135787e-001 9.36355135e-001 2.43231032e-001
9.42405797e-001 2.32926888e-001 -2.40034118e-001
-2.27602774e-001 2.26732692e-001 9.46989580e-001
2.29057611e-001 -2.27685096e-001 9.46410116e-001
2.53204261e-001 9.36307361e-001 -2.43343641e-001
4.32461628e-001 -3.17614802e-001 8.43858861e-001
-3.17282468e-001 4.30401840e-001 8.45036148e-001
9.81839201e-001 -1.42513897e-001 1.25226088e-001
5.79254164e-001 7.39842292e-001 -3.42195846e-001
9.86158439e-001 1.11330736e-001 -1.22869849e-001
1.30453674e-001 9.83492675e-001 -1.25395364e-001
7.54217424e-001 5.61446583e-001 -3.40490547e-001
-1.30419112e-001 9.83502003e-001 1.25358151e-001
7.64828890e-001 -3.32103483e-001 5.52036271e-001
9.99871995e-001 -1.59673278e-002 1.01839608e-003
-3.27525111e-001 7.65670296e-001 5.53603015e-001
9.00341753e-001 -2.52934423e-001 3.54131198e-001
6.74952775e-001 6.57897965e-001 -3.34079359e-001
-2.44186216e-001 9.02378999e-001 3.55084826e-001
3.39583392e-001 -2.23302277e-001 9.13684416e-001
-2.22268891e-001 3.38073915e-001 9.14495800e-001
8.53402642e-001 -2.42692280e-001 4.61307259e-001
6.21209798e-001 -3.02891567e-001 7.22741369e-001
2.58673106e-001 9.57432486e-001 -1.28106439e-001
9.63356219e-001 2.37717430e-001 -1.24238558e-001
-2.99873189e-001 6.20948808e-001 7.24222789e-001
-2.34436545e-001 8.55199669e-001 4.62247804e-001
4.90601878e-001 8.37860430e-001 -2.39373552e-001
8.49982526e-001 4.71161318e-001 -2.35662297e-001
2.32213249e-001 -1.14685179e-001 9.65880074e-001
-1.14556150e-001 2.34569661e-001 9.65325832e-001
9.92481397e-001 -1.48095921e-002 1.21496305e-001
4.45590632e-001 -2.15948170e-001 8.68801115e-001
1.16959439e-001 -8.87250250e-005 9.93136688e-001
-2.13938564e-001 4.44857508e-001 8.69673553e-001
7.94690936e-001 -2.29102224e-001 5.62119638e-001
3.83114247e-001 9.14411099e-001 -1.30674465e-001
-2.21450513e-001 7.96214437e-001 5.63029521e-001
9.24334913e-001 -1.33513426e-001 3.57462073e-001
9.23491786e-001 3.62115893e-001 -1.26629382e-001
6.96466163e-001 6.78706276e-001 -2.33007885e-001
5.46822027e-001 -2.14631569e-001 8.09270635e-001
-1.23030048e-001 9.25747689e-001 3.57567929e-001
-2.11120148e-001 5.46786295e-001 8.10217891e-001
7.22609729e-001 -2.21262039e-001 6.54887998e-001
-2.14900223e-001 7.23689584e-001 6.55813449e-001
6.40510883e-001 -2.10354469e-001 7.38577556e-001
2.61563761e-001 9.65135015e-001 -9.93989784e-003
-2.05360323e-001 6.41097039e-001 7.39473951e-001
9.70618285e-001 -1.35586413e-002 2.40242186e-001
9.70728761e-001 2.40108044e-001 -5.81378939e-003
5.00911024e-001 8.55531052e-001 -1.30976200e-001
9.86546415e-001 1.13081069e-001 1.18062879e-001
1.31536169e-001 9.84565012e-001 1.15455506e-001
8.67863472e-001 4.80333087e-001 -1.26858660e-001
2.32313421e-001 -1.76232155e-004 9.72640963e-001
6.10989876e-001 7.80669582e-001 -1.31325456e-001
7.96012182e-001 5.91323467e-001 -1.29232986e-001
4.53201607e-001 -1.09922935e-001 8.84604574e-001
-1.07595337e-001 4.57452074e-001 8.82700880e-001
7.10240939e-001 6.91973308e-001 -1.29347400e-001
8.12964536e-001 -1.19813030e-001 5.69853930e-001
-1.11420775e-001 8.14684632e-001 5.69099606e-001
9.34603418e-001 -1.21100034e-002 3.55485301e-001
3.46407783e-001 -1.41225090e-003 9.38082967e-001
6.52532370e-001 -1.08186477e-001 7.49998129e-001
9.64429078e-001 2.39116858e-001 1.12692863e-001
-1.03233162e-001 6.55621887e-001 7.47999235e-001
2.60784410e-001 9.59295720e-001 1.08366110e-001
2.30905341e-001 1.14684617e-001 9.66193646e-001
1.13963305e-001 2.35204736e-001 9.65241471e-001
5.05762362e-001 8.62479656e-001 -1.82558330e-002
8.74675339e-001 4.84507337e-001 -1.39889787e-002
8.84466632e-001 -1.06568535e-002 4.66481735e-001
4.55578545e-001 -2.62819690e-003 8.90191711e-001
7.16333865e-001 6.97459588e-001 -2.03940376e-002
3.85838986e-001 9.16862591e-001 1.02426885e-001
9.29502025e-001 1.08821164e-001 3.52397418e-001
8.21207884e-001 -9.04559840e-003 5.70557437e-001
9.25289268e-001 3.63916635e-001 1.06791633e-001
5.60758451e-001 -3.77199522e-003 8.27970852e-001
1.25793236e-001 9.28384168e-001 3.49683998e-001
9.44302626e-001 2.35306729e-001 2.30050632e-001
7.45015114e-001 -7.00546346e-003 6.67010797e-001
2.26440867e-001 2.28027436e-001 9.46957244e-001
6.57563117e-001 -4.85945670e-003 7.53383789e-001
2.56995961e-001 9.39765890e-001 2.25373352e-001
8.70288396e-001 4.82478251e-001 9.90598091e-002
4.53148602e-001 1.04799921e-001 8.85253253e-001
5.04151221e-001 8.58407754e-001 9.46978019e-002
1.07555553e-001 4.59451300e-001 8.81666777e-001
6.14479131e-001 7.83482927e-001 9.25737624e-002
7.99061522e-001 5.93735137e-001 9.47590130e-002
3.38256571e-001 2.21023310e-001 9.14730118e-001
2.21686831e-001 3.40796316e-001 9.13626193e-001
7.13875156e-001 6.94619555e-001 8.88027904e-002
8.17161407e-001 1.00749461e-001 5.67535710e-001
9.10774219e-001 2.28157024e-001 3.44143422e-001
1.14457093e-001 8.17943828e-001 5.63797364e-001
6.54168441e-001 9.75949679e-002 7.50025915e-001
1.04952995e-001 6.58171233e-001 7.45516933e-001
2.49587348e-001 9.06998085e-001 3.39205882e-001
8.63236342e-001 2.20331752e-001 4.54177208e-001
4.96438136e-001 8.43220030e-001 2.06225988e-001
4.45475234e-001 2.11015388e-001 8.70071447e-001
8.54327879e-001 4.75113649e-001 2.10691472e-001
2.13862348e-001 4.48845038e-001 8.67641071e-001
2.40210647e-001 8.60710082e-001 4.48861895e-001
8.75939101e-001 3.47627263e-001 3.34493612e-001
3.68905459e-001 8.69000589e-001 3.29767703e-001
5.48589197e-001 2.06489097e-001 8.10192659e-001
7.03101407e-001 6.83675519e-001 1.95540777e-001
2.12817009e-001 5.51315047e-001 8.06697366e-001
8.03243244e-001 2.09327420e-001 5.57657890e-001
6.43892103e-001 1.99022722e-001 7.38777988e-001
2.08746405e-001 6.45947930e-001 7.34286191e-001
2.27409757e-001 8.02152706e-001 5.52119407e-001
7.28899343e-001 2.05679552e-001 6.52994387e-001
2.19674685e-001 7.29351269e-001 6.47911845e-001
4.34178867e-001 3.15805915e-001 8.43655934e-001
3.17650680e-001 4.35380214e-001 8.42343228e-001
4.82406041e-001 8.17299215e-001 3.15129187e-001
8.27457078e-001 4.61681559e-001 3.19632478e-001
6.27491408e-001 2.95482674e-001 7.20378041e-001
3.04645270e-001 6.27189670e-001 7.16815442e-001
5.88016023e-001 7.47058788e-001 3.10065031e-001
7.61747266e-001 5.67660134e-001 3.12254824e-001
7.77405469e-001 3.17709078e-001 5.42864327e-001
3.35444749e-001 7.73350116e-001 5.37965072e-001
4.17756393e-001 4.16867897e-001 8.07279848e-001
6.84151402e-001 6.64781128e-001 3.00004850e-001
5.14437508e-001 4.05402569e-001 7.55647277e-001
4.63686270e-001 7.80851359e-001 4.18648060e-001
4.10117468e-001 5.12644754e-001 7.54320236e-001
7.89507082e-001 4.44641883e-001 4.23051017e-001
6.58443651e-001 6.40344530e-001 3.95488104e-001
6.04870978e-001 3.89013783e-001 6.94837662e-001
3.97542255e-001 6.02251276e-001 6.92281414e-001
6.77554642e-001 4.08102763e-001 6.11859331e-001
4.21021262e-001 6.72707178e-001 6.08445684e-001
7.41746713e-001 4.22077110e-001 5.21212747e-001
4.39219092e-001 7.34724824e-001 5.16977777e-001
5.80492092e-001 4.67263873e-001 6.66853360e-001
4.76490210e-001 5.74347511e-001 6.65644062e-001
5.36023512e-001 6.76362614e-001 5.05185520e-001
6.25904490e-001 6.09264302e-001 4.86868134e-001
6.88108472e-001 5.18900405e-001 5.07197299e-001
5.51759208e-001 5.42009238e-001 6.33867306e-001
5.91173806e-001 5.77926246e-001 5.62596467e-001



IEN=
39,35,31,29,37,32,28,33
31,36,40,29,30,38,34,28
40,46,39,29,43,42,33,34
35,54,48,31,44,51,41,32
48,55,36,31,52,45,30,41
61,59,35,39,58,47,37,49
36,63,62,40,50,60,53,38
46,70,61,39,56,64,49,42
62,71,46,40,67,57,43,53
59,75,54,35,66,65,44,47
55,81,63,36,68,74,50,45
54,87,83,48,72,84,69,51
83,89,55,48,86,73,52,69
71,93,70,46,82,80,56,57
91,96,59,61,90,77,58,76
63,102,94,62,79,95,78,60
70,106,91,61,85,97,76,64
75,112,87,54,92,101,72,65
94,108,71,62,100,88,67,78
89,118,81,55,104,99,68,73
96,117,75,59,105,98,66,77
81,122,102,63,103,109,79,74
93,129,106,70,111,119,85,80
108,133,93,71,121,114,82,88
87,135,126,83,110,128,107,84
126,139,89,83,131,115,86,107
117,153,112,75,127,130,92,98
142,96,91,134,120,90,113,140
118,159,122,81,137,136,103,99
91,106,152,134,97,124,144,113
94,102,150,138,95,123,145,116
154,108,94,138,125,100,116,146
112,163,135,87,132,147,110,101
139,167,118,89,151,141,104,115
168,117,96,142,143,105,120,156
133,1,129,93,157,155,111,114
102,122,175,150,109,148,166,123
106,129,187,152,119,158,169,124
186,133,108,154,160,121,125,170
153,198,163,112,171,177,132,130
126,135,190,173,128,162,179,149
193,139,126,173,165,131,149,181
167,203,159,118,183,174,137,141
208,153,117,168,178,127,143,188
122,159,217,175,136,185,194,148
210,142,134,189,172,140,161,196
138,150,211,192,145,176,199,164
134,152,214,189,144,180,195,161
212,154,138,192,182,146,164,197
135,163,218,190,147,184,202,162
222,167,139,193,191,151,165,206
129,1,3,187,155,2,207,158
225,1,133,186,201,157,160,205
239,168,142,210,204,156,172,224
150,175,246,211,166,209,228,176
249,186,154,212,213,170,182,229
152,187,251,214,169,215,230,180
259,198,153,208,226,171,178,231
163,198,257,218,177,223,234,184
159,203,264,217,174,233,235,185
263,203,167,222,227,183,191,237
173,190,255,232,179,220,238,200
256,193,173,232,221,181,200,241
276,208,168,239,243,188,204,265
3,1,225,273,2,201,253,252
274,210,189,240,236,196,216,258
192,211,277,242,199,247,261,219
278,212,192,242,244,197,219,266
189,214,281,240,195,245,267,216
175,217,293,246,194,250,270,209
190,218,285,255,202,248,271,220
294,225,186,249,260,205,213,268
187,3,5,251,207,4,269,215
288,222,193,256,254,206,221,272
257,198,259,315,223,226,280,283
317,239,210,274,275,224,236,297
264,203,263,320,233,227,290,292
211,246,318,277,228,279,298,247
319,249,212,278,282,229,244,299
214,251,323,281,230,284,300,245
333,259,208,276,296,231,243,309
218,257,327,285,234,291,310,248
232,255,321,289,238,286,305,262
322,256,232,289,287,241,262,304
331,263,222,288,295,237,254,311
217,264,334,293,235,301,316,250
281,330,274,240,306,312,258,267
277,329,278,242,303,302,266,261
273,225,294,336,253,260,314,308
5,3,273,335,4,252,307,313
371,276,239,317,326,265,275,346
361,294,249,319,328,268,282,337
246,293,368,318,270,332,341,279
255,285,363,321,271,324,340,286
251,5,7,323,269,6,339,284
364,288,256,322,325,272,287,343
327,257,315,375,291,283,338,345
315,259,333,383,280,296,351,342
320,263,331,380,290,295,353,344
321,373,322,289,348,347,304,305
330,384,317,274,358,354,297,312
318,382,329,277,355,356,303,298
329,378,319,278,357,350,299,302
334,264,320,386,301,292,349,360
323,385,330,281,352,359,306,300
335,273,336,387,307,308,365,366
285,327,396,363,310,362,379,324
398,331,288,364,367,311,325,381
336,294,361,397,314,328,377,370
7,5,335,395,6,313,369,376
408,333,276,371,372,309,326,391
293,334,412,368,316,374,388,332
363,425,373,321,389,393,348,340
373,426,364,322,394,390,343,347
378,429,361,319,405,392,337,350
7,9,385,323,8,411,352,339
368,434,382,318,401,413,355,341
375,315,383,431,338,342,403,399
384,436,371,317,414,400,346,354
386,320,380,433,349,344,402,406
382,442,378,329,420,418,357,356
396,327,375,438,362,345,404,421
385,445,384,330,422,423,358,359
380,331,398,441,353,367,424,409
395,335,387,439,369,366,407,417
387,336,397,440,365,370,416,410
383,333,408,443,351,372,427,415
412,334,386,444,374,360,419,428
396,467,425,363,430,448,389,379
426,468,398,364,447,432,381,390
361,429,474,397,392,451,437,377
471,9,7,395,450,8,376,435
425,484,426,373,452,453,394,393
412,487,434,368,449,463,401,388
436,489,408,371,465,446,391,400
438,375,431,481,404,399,455,459
439,387,440,469,407,410,456,454
433,380,441,482,402,409,461,457
431,383,443,485,403,415,462,458
444,386,433,486,419,406,460,464
442,499,429,378,475,466,405,418
434,504,442,382,472,479,420,413
9,11,445,385,10,480,422,411
445,507,436,384,483,477,414,423
506,471,395,439,491,435,417,470
511,467,396,438,493,430,421,476
397,474,508,440,437,492,473,416
398,468,513,441,432,494,478,424
408,489,528,443,446,505,490,427
525,487,412,444,503,449,428,488
467,535,484,425,501,510,452,448
484,536,468,426,509,502,447,453
481,431,485,516,455,458,498,495
486,433,482,515,460,457,496,497
529,506,439,469,520,470,454,500
429,499,541,474,466,527,512,451
440,508,529,469,473,519,500,456
542,11,9,471,526,10,450,514
549,511,438,481,530,476,459,517
487,552,504,434,521,532,472,463
441,513,550,482,478,531,518,461
507,554,489,436,537,523,465,477
551,525,444,486,539,488,464,522
443,528,553,485,490,540,524,462
504,560,499,442,534,533,475,479
11,13,507,445,12,538,483,480
576,535,467,511,555,501,493,546
468,536,577,513,502,557,548,494
571,542,471,506,558,514,491,543
474,541,573,508,512,561,545,492
572,549,481,516,567,517,495,547
482,550,570,515,518,564,544,496
570,551,486,515,566,522,497,544
485,553,572,516,524,568,547,498
535,27,536,484,562,563,509,510
590,552,487,525,569,521,503,556
489,554,592,528,523,574,559,505
591,571,506,529,582,543,520,565
508,573,591,529,545,585,565,519
499,560,598,541,533,583,575,527
597,13,11,542,584,12,526,578
552,605,560,504,581,588,534,532
13,15,554,507,14,586,537,538
608,576,511,549,594,546,530,580
513,577,606,550,548,593,579,531
609,590,525,551,595,556,539,587
528,592,611,553,559,600,589,540
536,27,629,577,563,607,603,557
25,27,535,576,26,562,555,604
625,597,542,571,610,578,558,601
541,598,628,573,575,613,602,561
550,606,620,570,579,615,596,564
622,608,549,572,617,580,567,599
620,609,551,570,618,587,566,596
553,611,622,572,589,619,599,568
637,605,552,590,623,581,569,612
554,15,17,592,586,16,616,574
598,560,605,640,583,588,626,624
634,625,571,591,630,601,582,614
15,13,597,642,14,584,621,627
573,628,634,591,602,631,614,585
577,629,648,606,603,638,632,593
23,25,576,608,24,604,594,633
652,637,590,609,647,612,595,635
629,27,25,658,607,26,644,643
592,17,19,611,616,18,636,600
628,598,640,661,613,624,653,646
642,597,625,663,621,610,645,650
606,648,659,620,632,654,639,615
21,23,608,622,22,633,617,641
659,652,609,620,657,635,618,639
640,605,637,671,626,623,651,656
611,19,21,622,636,20,641,619
17,15,642,675,16,627,660,655
663,625,634,669,645,630,649,665
634,628,661,669,631,646,666,649
648,629,658,678,638,643,667,662
658,25,23,680,644,24,664,668
671,637,652,687,651,647,670,676
19,17,675,690,18,655,681,672
661,640,671,696,653,656,682,679
659,648,678,688,654,662,684,673
675,642,663,695,660,650,677,683
680,23,21,689,664,22,674,686
687,652,659,688,670,657,673,691
21,19,690,689,20,672,692,674
678,658,680,703,667,668,694,693
669,661,696,704,666,679,700,685
695,663,669,704,677,665,685,699
696,671,687,714,682,676,701,708
690,675,695,715,681,683,706,702
688,678,703,710,684,693,705,697
703,680,689,711,694,686,698,707
714,687,688,710,701,691,697,712
689,690,715,711,692,702,713,698
715,695,704,719,706,699,709,718
704,696,714,719,700,708,720,709
710,703,711,721,705,707,717,716
719,714,710,721,720,712,716,722
711,715,719,721,713,718,722,717

UBC_num=0;
UBC_dof=

UBC_values=


FBC_num=2166;
FBC_dof=
1,218,435,652,869,1086,1303,1520,1737,1954
2,219,436,653,870,1087,1304,1521,1738,1955
3,220,437,654,871,1088,1305,1522,1739,1956
4,221,438,655,872,1089,1306,1523,1740,1957
5,222,439,656,873,1090,1307,1524,1741,1958
6,223,440,657,874,1091,1308,1525,1742,1959
7,224,441,658,875,1092,1309,1526,1743,1960
8,225,442,659,876,1093,1310,1527,1744,1961
9,226,443,660,877,1094,1311,1528,1745,1962
10,227,444,661,878,1095,1312,1529,1746,1963
11,228,445,662,879,1096,1313,1530,1747,1964
12,229,446,663,880,1097,1314,1531,1748,1965
13,230,447,664,881,1098,1315,1532,1749,1966
14,231,448,665,882,1099,1316,1533,1750,1967
15,232,449,666,883,1100,1317,1534,1751,1968
16,233,450,667,884,1101,1318,1535,1752,1969
17,234,451,668,885,1102,1319,1536,1753,1970
18,235,452,669,886,1103,1320,1537,1754,1971
19,236,453,670,887,1104,1321,1538,1755,1972
20,237,454,671,888,1105,1322,1539,1756,1973
21,238,455,672,889,1106,1323,1540,1757,1974
22,239,456,673,890,1107,1324,1541,1758,1975
23,240,457,674,891,1108,1325,1542,1759,1976
24,241,458,675,892,1109,1326,1543,1760,1977
25,242,459,676,893,1110,1327,1544,1761,1978
26,243,460,677,894,1111,1328,1545,1762,1979
27,244,461,678,895,1112,1329,1546,1763,1980
28,245,462,679,896,1113,1330,1547,1764,1981
29,246,463,680,897,1114,1331,1548,1765,1982
30,247,464,681,898,1115,1332,1549,1766,1983
31,248,465,682,899,1116,1333,1550,1767,1984
32,249,466,683,900,1117,1334,1551,1768,1985
33,250,467,684,901,1118,1335,1552,1769,1986
34,251,468,685,902,1119,1336,1553,1770,1987
35,252,469,686,903,1120,1337,1554,1771,1988
36,253,470,687,904,1121,1338,1555,1772,1989
37,254,471,688,905,1122,1339,1556,1773,1990
38,255,472,689,906,1123,1340,1557,1774,1991
39,256,473,690,907,1124,1341,1558,1775,1992
40,257,474,691,908,1125,1342,1559,1776,1993
41,258,475,692,909,1126,1343,1560,1777,1994
42,259,476,693,910,1127,1344,1561,1778,1995
43,260,477,694,911,1128,1345,1562,1779,1996
44,261,478,695,912,1129,1346,1563,1780,1997
45,262,479,696,913,1130,1347,1564,1781,1998
46,263,480,697,914,1131,1348,1565,1782,1999
47,264,481,698,915,1132,1349,1566,1783,2000
48,265,482,699,916,1133,1350,1567,1784,2001
49,266,483,700,917,1134,1351,1568,1785,2002
50,267,484,701,918,1135,1352,1569,1786,2003
51,268,485,702,919,1136,1353,1570,1787,2004
52,269,486,703,920,1137,1354,1571,1788,2005
53,270,487,704,921,1138,1355,1572,1789,2006
54,271,488,705,922,1139,1356,1573,1790,2007
55,272,489,706,923,1140,1357,1574,1791,2008
56,273,490,707,924,1141,1358,1575,1792,2009
57,274,491,708,925,1142,1359,1576,1793,2010
58,275,492,709,926,1143,1360,1577,1794,2011
59,276,493,710,927,1144,1361,1578,1795,2012
60,277,494,711,928,1145,1362,1579,1796,2013
61,278,495,712,929,1146,1363,1580,1797,2014
62,279,496,713,930,1147,1364,1581,1798,2015
63,280,497,714,931,1148,1365,1582,1799,2016
64,281,498,715,932,1149,1366,1583,1800,2017
65,282,499,716,933,1150,1367,1584,1801,2018
66,283,500,717,934,1151,1368,1585,1802,2019
67,284,501,718,935,1152,1369,1586,1803,2020
68,285,502,719,936,1153,1370,1587,1804,2021
69,286,503,720,937,1154,1371,1588,1805,2022
70,287,504,721,938,1155,1372,1589,1806,2023
71,288,505,722,939,1156,1373,1590,1807,2024
72,289,506,723,940,1157,1374,1591,1808,2025
73,290,507,724,941,1158,1375,1592,1809,2026
74,291,508,725,942,1159,1376,1593,1810,2027
75,292,509,726,943,1160,1377,1594,1811,2028
76,293,510,727,944,1161,1378,1595,1812,2029
77,294,511,728,945,1162,1379,1596,1813,2030
78,295,512,729,946,1163,1380,1597,1814,2031
79,296,513,730,947,1164,1381,1598,1815,2032
80,297,514,731,948,1165,1382,1599,1816,2033
81,298,515,732,949,1166,1383,1600,1817,2034
82,299,516,733,950,1167,1384,1601,1818,2035
83,300,517,734,951,1168,1385,1602,1819,2036
84,301,518,735,952,1169,1386,1603,1820,2037
85,302,519,736,953,1170,1387,1604,1821,2038
86,303,520,737,954,1171,1388,1605,1822,2039
87,304,521,738,955,1172,1389,1606,1823,2040
88,305,522,739,956,1173,1390,1607,1824,2041
89,306,523,740,957,1174,1391,1608,1825,2042
90,307,524,741,958,1175,1392,1609,1826,2043
91,308,525,742,959,1176,1393,1610,1827,2044
92,309,526,743,960,1177,1394,1611,1828,2045
93,310,527,744,961,1178,1395,1612,1829,2046
94,311,528,745,962,1179,1396,1613,1830,2047
95,312,529,746,963,1180,1397,1614,1831,2048
96,313,530,747,964,1181,1398,1615,1832,2049
97,314,531,748,965,1182,1399,1616,1833,2050
98,315,532,749,966,1183,1400,1617,1834,2051
99,316,533,750,967,1184,1401,1618,1835,2052
100,317,534,751,968,1185,1402,1619,1836,2053
101,318,535,752,969,1186,1403,1620,1837,2054
102,319,536,753,970,1187,1404,1621,1838,2055
103,320,537,754,971,1188,1405,1622,1839,2056
104,321,538,755,972,1189,1406,1623,1840,2057
105,322,539,756,973,1190,1407,1624,1841,2058
106,323,540,757,974,1191,1408,1625,1842,2059
107,324,541,758,975,1192,1409,1626,1843,2060
108,325,542,759,976,1193,1410,1627,1844,2061
109,326,543,760,977,1194,1411,1628,1845,2062
110,327,544,761,978,1195,1412,1629,1846,2063
111,328,545,762,979,1196,1413,1630,1847,2064
112,329,546,763,980,1197,1414,1631,1848,2065
113,330,547,764,981,1198,1415,1632,1849,2066
114,331,548,765,982,1199,1416,1633,1850,2067
115,332,549,766,983,1200,1417,1634,1851,2068
116,333,550,767,984,1201,1418,1635,1852,2069
117,334,551,768,985,1202,1419,1636,1853,2070
118,335,552,769,986,1203,1420,1637,1854,2071
119,336,553,770,987,1204,1421,1638,1855,2072
120,337,554,771,988,1205,1422,1639,1856,2073
121,338,555,772,989,1206,1423,1640,1857,2074
122,339,556,773,990,1207,1424,1641,1858,2075
123,340,557,774,991,1208,1425,1642,1859,2076
124,341,558,775,992,1209,1426,1643,1860,2077
125,342,559,776,993,1210,1427,1644,1861,2078
126,343,560,777,994,1211,1428,1645,1862,2079
127,344,561,778,995,1212,1429,1646,1863,2080
128,345,562,779,996,1213,1430,1647,1864,2081
129,346,563,780,997,1214,1431,1648,1865,2082
130,347,564,781,998,1215,1432,1649,1866,2083
131,348,565,782,999,1216,1433,1650,1867,2084
132,349,566,783,1000,1217,1434,1651,1868,2085
133,350,567,784,1001,1218,1435,1652,1869,2086
134,351,568,785,1002,1219,1436,1653,1870,2087
135,352,569,786,1003,1220,1437,1654,1871,2088
136,353,570,787,1004,1221,1438,1655,1872,2089
137,354,571,788,1005,1222,1439,1656,1873,2090
138,355,572,789,1006,1223,1440,1657,1874,2091
139,356,573,790,1007,1224,1441,1658,1875,2092
140,357,574,791,1008,1225,1442,1659,1876,2093
141,358,575,792,1009,1226,1443,1660,1877,2094
142,359,576,793,1010,1227,1444,1661,1878,2095
143,360,577,794,1011,1228,1445,1662,1879,2096
144,361,578,795,1012,1229,1446,1663,1880,2097
145,362,579,796,1013,1230,1447,1664,1881,2098
146,363,580,797,1014,1231,1448,1665,1882,2099
147,364,581,798,1015,1232,1449,1666,1883,2100
148,365,582,799,1016,1233,1450,1667,1884,2101
149,366,583,800,1017,1234,1451,1668,1885,2102
150,367,584,801,1018,1235,1452,1669,1886,2103
151,368,585,802,1019,1236,1453,1670,1887,2104
152,369,586,803,1020,1237,1454,1671,1888,2105
153,370,587,804,1021,1238,1455,1672,1889,2106
154,371,588,805,1022,1239,1456,1673,1890,2107
155,372,589,806,1023,1240,1457,1674,1891,2108
156,373,590,807,1024,1241,1458,1675,1892,2109
157,374,591,808,1025,1242,1459,1676,1893,2110
158,375,592,809,1026,1243,1460,1677,1894,2111
159,376,593,810,1027,1244,1461,1678,1895,2112
160,377,594,811,1028,1245,1462,1679,1896,2113
161,378,595,812,1029,1246,1463,1680,1897,2114
162,379,596,813,1030,1247,1464,1681,1898,2115
163,380,597,814,1031,1248,1465,1682,1899,2116
164,381,598,815,1032,1249,1466,1683,1900,2117
165,382,599,816,1033,1250,1467,1684,1901,2118
166,383,600,817,1034,1251,1468,1685,1902,2119
167,384,601,818,1035,1252,1469,1686,1903,2120
168,385,602,819,1036,1253,1470,1687,1904,2121
169,386,603,820,1037,1254,1471,1688,1905,2122
170,387,604,821,1038,1255,1472,1689,1906,2123
171,388,605,822,1039,1256,1473,1690,1907,2124
172,389,606,823,1040,1257,1474,1691,1908,2125
173,390,607,824,1041,1258,1475,1692,1909,2126
174,391,608,825,1042,1259,1476,1693,1910,2127
175,392,609,826,1043,1260,1477,1694,1911,2128
176,393,610,827,1044,1261,1478,1695,1912,2129
177,394,611,828,1045,1262,1479,1696,1913,2130
178,395,612,829,1046,1263,1480,1697,1914,2131
179,396,613,830,1047,1264,1481,1698,1915,2132
180,397,614,831,1048,1265,1482,1699,1916,2133
181,398,615,832,1049,1266,1483,1700,1917,2134
182,399,616,833,1050,1267,1484,1701,1918,2135
183,400,617,834,1051,1268,1485,1702,1919,2136
184,401,618,835,1052,1269,1486,1703,1920,2137
185,402,619,836,1053,1270,1487,1704,1921,2138
186,403,620,837,1054,1271,1488,1705,1922,2139
187,404,621,838,1055,1272,1489,1706,1923,2140
188,405,622,839,1056,1273,1490,1707,1924,2141
189,406,623,840,1057,1274,1491,1708,1925,2142
190,407,624,841,1058,1275,1492,1709,1926,2143
191,408,625,842,1059,1276,1493,1710,1927,2144
192,409,626,843,1060,1277,1494,1711,1928,2145
193,410,627,844,1061,1278,1495,1712,1929,2146
194,411,628,845,1062,1279,1496,1713,1930,2147
195,412,629,846,1063,1280,1497,1714,1931,2148
196,413,630,847,1064,1281,1498,1715,1932,2149
197,414,631,848,1065,1282,1499,1716,1933,2150
198,415,632,849,1066,1283,1500,1717,1934,2151
199,416,633,850,1067,1284,1501,1718,1935,2152
200,417,634,851,1068,1285,1502,1719,1936,2153
201,418,635,852,1069,1286,1503,1720,1937,2154
202,419,636,853,1070,1287,1504,1721,1938,2155
203,420,637,854,1071,1288,1505,1722,1939,2156
204,421,638,855,1072,1289,1506,1723,1940,2157
205,422,639,856,1073,1290,1507,1724,1941,2158
206,423,640,857,1074,1291,1508,1725,1942,2159
207,424,641,858,1075,1292,1509,1726,1943,2160
208,425,642,859,1076,1293,1510,1727,1944,2161
209,426,643,860,1077,1294,1511,1728,1945,2162
210,427,644,861,1078,1295,1512,1729,1946,2163
211,428,645,862,1079,1296,1513,1730,1947,2164
212,429,646,863,1080,1297,1514,1731,1948,2165
213,430,647,864,1081,1298,1515,1732,1949,2166
214,431,648,865,1082,1299,1516,1733,1950
215,432,649,866,1083,1300,1517,1734,1951
216,433,650,867,1084,1301,1518,1735,1952
217,434,651,868,1085,1302,1519,1736,1953


FBC_values=
0,-8.58e+05,-6.4619e+05,-8.9902e+05,-9.2293e+05,6.6833e+05,2.1493e+05,9.5929e+05,8.4386e+05,8.2121e+05
6.1232e-11,-2.0417e+05,2.1553e+05,-2.5452e+05,3.6172e+05,-6.3784e+05,7.2349e+05,-1.0851e+05,-3.1728e+05,-9045.6
-1e+06,-2.1818e+05,-5.5223e+05,3.5634e+05,-8.8303e+05,-2.1032e+05,-6.5602e+05,7.3578e+05,4.304e+05,5.7056e+05
0,-8.6673e+05,-8.0535e+05,4.7271e+05,-12016,7.4089e+05,-5.0404e+05,4.1538e+05,8.4504e+05,9.2529e+05
1.2054e+05,-4.4852e+05,-9.0992e+05,-5.818e+05,4.6916e+05,-1.9648e+05,8.5846e+05,-5.3487e+05,9.8184e+05,3.6392e+05
-9.9271e+05,-9.0358e+05,-3.9311e+05,-6.6186e+05,2.5819e+05,-6.4239e+05,-94848,-1.1197e+05,-1.4251e+05,1.0679e+05
0,-2.6395e+05,1.3229e+05,-7.6879e+05,-9.3425e+05,7.4077e+05,7.2774e+05,-2.3238e+05,1.2523e+05,5.6076e+05
2.3932e+05,-3.3746e+05,1.3615e+05,-4.6001e+05,2.4601e+05,4.3455e+05,2.0262e+05,9.6616e+05,5.7925e+05,-3772
-9.7094e+05,-6.5528e+05,-9.2903e+05,4.4425e+05,4.9971e+05,3.1135e+05,-6.5524e+05,-2.2973e+05,7.3984e+05,8.2797e+05
0,-1.1412e+05,-3.4403e+05,-4.3509e+05,-8.6134e+05,-8.4512e+05,-6.4311e+05,-1.1603e+05,-3.422e+05,1.2579e+05
3.546e+05,-7.4671e+05,-6.7398e+05,-7.8304e+05,-91562,3.1726e+05,1.9711e+05,9.6631e+05,9.8616e+05,9.2838e+05
-9.3502e+05,-8.1684e+05,-6.9981e+05,4.4447e+05,4.5704e+05,4.3019e+05,7.3997e+05,-4.4672e+05,1.1133e+05,3.4968e+05
0,-1.2793e+05,2.3667e+05,-2.2442e+05,-5381.9,-8.4515e+05,3.9149e+05,2.0891e+05,-1.2287e+05,9.443e+05
4.6472e+05,-5.625e+05,2.3137e+05,-9.0662e+05,-8.8943e+05,7294.3,5.9461e+05,8.6994e+05,1.3045e+05,2.3531e+05
-8.8546e+05,-96489,-8.0231e+05,3.5733e+05,11349,-7.4319e+05,-7.0226e+05,8.6083e+05,9.8349e+05,2.3005e+05
0,-6.5912e+05,-5.5024e+05,-9.6957e+05,-8.8221e+05,6.6904e+05,6.021e+05,2.1706e+05,-1.254e+05,7.4502e+05
5.6806e+05,-7.4582e+05,-3.5909e+05,-15280,4.7072e+05,7.0174e+05,3.824e+05,-4.6027e+05,7.5422e+05,-7005.5
-8.2298e+05,-98623,-9.2377e+05,2.4433e+05,-9.2324e+05,-7.0739e+05,-7.0089e+05,2.143e+05,5.6145e+05,6.6701e+05
0,-8.2127e+05,1.3304e+05,-7.8982e+05,3.6253e+05,-84627,2.0611e+05,-4.4444e+05,-3.4049e+05,2.2644e+05
6.6312e+05,-5.6195e+05,-4.463e+05,4.4407e+05,1.2726e+05,2.1111e+05,-6.3939e+05,8.698e+05,-1.3042e+05,2.2803e+05
-7.4851e+05,-3.3919e+05,2.0903e+05,-4.2308e+05,-6.5843e+05,5.4652e+05,7.4075e+05,2.3449e+05,9.835e+05,9.4696e+05
0,-2.285e+05,-8.7013e+05,2.3312e+05,6.4024e+05,-8.104e+05,9.0393e+05,8.5511e+05,1.2536e+05,6.5756e+05
7.4851e+05,-9.1255e+05,-9.9324e+05,-2083.1,-3.9568e+05,5.4937e+05,-2.5896e+05,-4.6239e+05,7.6483e+05,-4859.5
-6.6312e+05,-2.254e+05,-18357,-9.7245e+05,6.4739e+05,2.0369e+05,-3.4036e+05,5.3693e+05,-3.321e+05,7.5338e+05
0,-9.1376e+05,-1.1461e+05,-9.8561e+05,-6.5436e+05,-8.1037e+05,-6.7477e+05,-5.417e+05,5.5204e+05,2.57e+05
8.2298e+05,-3.3799e+05,2.1652e+05,1.1172e+05,-3.9077e+05,-7.1379e+05,6.581e+05,6.4673e+05,9.9987e+05,9.3977e+05
-5.6806e+05,-2.2041e+05,-4.4979e+05,1.2687e+05,6.2576e+05,6.947e+05,3.3404e+05,-5.4411e+05,-15967,2.2537e+05
0,-3.442e+05,-8.6649e+05,14539,-3.0957e+05,-88874,6.6335e+05,5.3397e+05,1018.4,8.7029e+05
8.8546e+05,-9.1266e+05,-1.1694e+05,-9.6897e+05,-7.1596e+05,-7.9582e+05,-6.6884e+05,6.4717e+05,-3.2753e+05,4.8248e+05
-4.6472e+05,-6.8913e+05,-1436.5,2.4676e+05,-3.0479e+05,5.9158e+05,3.3559e+05,-5.1245e+05,7.6567e+05,99060
0,-7.1979e+05,-9.9314e+05,4.597e+05,6.2647e+05,1.2924e+05,-2.4958e+05,3.9923e+05,5.536e+05,4.5315e+05
9.3502e+05,-83670,-8.6426e+05,-7.8497e+05,-7.1739e+05,-4.0948e+05,9.0691e+05,7.6027e+05,9.0034e+05,1.048e+05
-3.546e+05,-7.7808e+05,2.182e+05,-4.1533e+05,3.8344e+05,-4.1837e+05,-3.3944e+05,4.0361e+05,-2.5293e+05,8.8525e+05
0,-6.2187e+05,-4.5326e+05,4.3544e+05,-9.1389e+05,8.1074e+05,-6.1084e+05,-5.0957e+05,3.5413e+05,5.0415e+05
9.7094e+05,-88664,633.04,-3.2273e+05,1.3334e+05,6.0225e+05,7.808e+05,7.5989e+05,6.7495e+05,8.5841e+05
-2.3932e+05,-4.542e+05,-1.1828e+05,-8.4038e+05,6.7187e+05,-7.8699e+05,1.3127e+05,6.7968e+05,6.579e+05,94698
0,-1.1434e+05,-9.9298e+05,-3.1812e+05,-4.2408e+05,1.3396e+05,-1.0297e+05,5.1118e+05,-3.3408e+05,1.0756e+05
9.9271e+05,-8.8353e+05,-2.3111e+05,4.3425e+05,-6.0724e+05,-8.0034e+05,-4.5401e+05,-5.2605e+05,-2.4419e+05,4.5945e+05
-1.2054e+05,-5.8873e+05,1.1263e+05,-8.4275e+05,6.7885e+05,2.0783e+05,8.8503e+05,5.2575e+05,9.0238e+05,8.8167e+05
0,-8.0343e+05,-9.6639e+05,-9.7082e+05,-5.3548e+05,5.6238e+05,-4.5109e+05,6.6736e+05,3.5508e+05,6.1448e+05
1e+06,-88831,16594,2.3973e+05,-5.0242e+05,1.0324e+05,-1.1091e+05,-5.2746e+05,3.3958e+05,7.8348e+05
0,-8.534e+05,-9.936e+05,7046.6,-4.5778e+05,6.5547e+05,8.8556e+05,9.126e+05,-2.233e+05,92574
0,-5.1306e+05,-1.1175e+05,-5.9742e+05,-5.7595e+05,-7.4813e+05,7.833e+05,-3.8776e+05,9.1368e+05,7.9906e+05
9.9271e+05,-92103,1.162e+05,-6.1691e+05,6.7729e+05,6.549e+05,-6.0736e+05,1.2965e+05,-2.2227e+05,5.9374e+05
1.2054e+05,-1.0448e+05,-2.3444e+05,5.1235e+05,-5.6415e+05,94328,1.3246e+05,6.6946e+05,3.3807e+05,94759
0,-4.5781e+05,-9.6516e+05,1.4115e+05,-4.7195e+05,-7.4981e+05,1.1144e+05,-5.2409e+05,9.145e+05,3.3826e+05
9.7094e+05,-8.8289e+05,-6.283e+05,-9.8126e+05,6.775e+05,7.9902e+05,8.1463e+05,5.2646e+05,8.534e+05,2.2102e+05
2.3932e+05,-4.7827e+05,2.9421e+05,1.3119e+05,-4.2106e+05,-2.3516e+05,-5.6917e+05,-3.8301e+05,-2.4269e+05,9.1473e+05
0,-8.7333e+05,-7.2019e+05,-9.23e+05,6.7217e+05,-5.5342e+05,8.1684e+05,9.1447e+05,4.6131e+05,2.2169e+05
9.3502e+05,-92473,-8.3345e+05,-1.3513e+05,-6.0901e+05,-6.507e+05,96842,1.306e+05,6.2121e+05,3.408e+05
3.546e+05,-7.4737e+05,-4.9743e+05,3.603e+05,2.2234e+05,-1.0883e+05,-5.6867e+05,-5.2564e+05,-3.0289e+05,9.1363e+05
0,-11745,2.4066e+05,2.676e+05,3.3777e+05,7.515e+05,-3.355e+05,6.6753e+05,7.2274e+05,7.1388e+05
8.8546e+05,-6.643e+05,-9.5376e+05,-9.6344e+05,-9.1459e+05,2.2363e+05,-2.2426e+05,5.2736e+05,2.5867e+05,6.9462e+05
4.6472e+05,-6.5948e+05,-2.7118e+05,13291,3.3979e+05,-7.9436e+05,9.1496e+05,8.1001e+05,9.5743e+05,88803
0,-8898.6,1.2961e+05,-6.8828e+05,2.1885e+05,5.6479e+05,-2.179e+05,-4.7523e+05,-1.2811e+05,8.1716e+05
8.2298e+05,-7.5167e+05,3.0521e+05,5.1851e+05,-9.1468e+05,-96145,-3.4032e+05,3.4356e+05,9.6336e+05,1.0075e+05
5.6806e+05,-9.3613e+05,-6.2973e+05,-5.0736e+05,-8.7463e+05,-6.527e+05,9.1471e+05,1.2306e+05,2.3772e+05,5.6754e+05
0,-2.7146e+05,-7.1434e+05,-1.0636e+05,4.8458e+05,7.5149e+05,4.696e+05,9.2571e+05,-1.2424e+05,9.1077e+05
7.4851e+05,-2.2353e+05,-4.6723e+05,-9.262e+05,14041,8.1655e+05,5.6633e+05,-3.5764e+05,-2.9987e+05,2.2816e+05
6.6312e+05,-2.2722e+05,-8.5063e+05,3.6172e+05,-8.1143e+05,-4.8387e+05,-6.7731e+05,9.2872e+05,6.2095e+05,3.4414e+05
0,-2.3244e+05,2.411e+05,-6.6418e+05,-1.2036e+05,-3.1482e+05,-6.7258e+05,1.0478e+05,7.2422e+05,1.1446e+05
6.6312e+05,-9.457e+05,2.4495e+05,-5.289e+05,5.7192e+05,-8.213e+05,4.0173e+05,-3.5566e+05,-2.3444e+05,8.1794e+05
7.4851e+05,6335.1,-8.6069e+05,5.2833e+05,-99154,4.569e+05,6.2149e+05,-4.7421e+05,8.552e+05,5.638e+05
0,-6.6178e+05,-4.4633e+05,-8.2775e+05,-8.1384e+05,3.4163e+05,5.7523e+05,8.1011e+05,4.6225e+05,6.5417e+05
5.6806e+05,-7.4967e+05,-2.3593e+05,4.6115e+05,5.7256e+05,-4.8233e+05,4.5977e+05,3.4474e+05,4.906e+05,97595
8.2298e+05,9118.6,-9.6294e+05,-3.1963e+05,-5.3601e+05,8.1723e+05,-6.7655e+05,6.1515e+05,8.3786e+05,7.5003e+05
0,-7.4931e+05,1.3071e+05,-5.5188e+05,6.7613e+05,-3.154e+05,4.0892e+05,6.0064e+05,-2.3937e+05,1.0495e+05
4.6472e+05,-6.6216e+05,-9.1171e+05,5.4153e+05,-5.0552e+05,-2.2744e+05,-6.6662e+05,-5.1071e+05,8.4998e+05,6.5817e+05
8.8546e+05,-8.2378e+05,2.2598e+05,-6.3417e+05,1.0758e+05,8.019e+05,6.2321e+05,-4.3431e+05,4.7116e+05,7.4552e+05
0,-14411,-3.431e+05,-5.0813e+05,4.5734e+05,-5.5247e+05,-6.7942e+05,3.1172e+05,-2.3566e+05,2.4959e+05
3.546e+05,-5.6672e+05,-3.3889e+05,-6.8026e+05,-8.8276e+05,4.6964e+05,5.1158e+05,8.4511e+05,2.3221e+05,9.07e+05
9.3502e+05,-5.6225e+05,2.1931e+05,5.2825e+05,4.5475e+05,-8.1227e+05,5.26e+05,3.1617e+05,-1.1469e+05,3.3921e+05
0,-7450,-9.1491e+05,5.4594e+05,1.0208e+05,3.4591e+05,-6.2545e+05,-4.3251e+05,9.6588e+05,8.6324e+05
2.3932e+05,-8.2694e+05,2.2459e+05,-5.5264e+05,-8.8475e+05,4.1696e+05,2.9131e+05,8.4438e+05,-1.1456e+05,2.2033e+05
9.7094e+05,-9.2731e+05,-3.4267e+05,-6.2971e+05,-9.0758e+05,4.1079e+05,7.2385e+05,9.6251e+05,2.3457e+05,4.5418e+05
0,-1.4196e+05,-9.1221e+05,-9.2564e+05,2.2656e+05,-8.108e+05,5.1802e+05,-2.7109e+05,9.6533e+05,4.9644e+05
1.2054e+05,-3.4634e+05,-9.9983e+05,3.6322e+05,3.5352e+05,7.0421e+05,-6.7334e+05,8766.5,9.9248e+05,8.4322e+05
9.9271e+05,-2.3239e+05,-17605,-1.0615e+05,5.0122e+05,-7.0958e+05,5.2752e+05,9.7106e+05,-14810,2.0623e+05
1.4998e-26,-9.4656e+05,5842,5.1321e+05,-8.6507e+05,24046,2.9847e+05,-17017,1.215e+05,4.4548e+05
6.1232e-11,-2.2365e+05,-7.7817e+05,-4.1441e+05,21004,-5.4362e+05,-6.2132e+05,-2.3824e+05,4.4559e+05,2.1102e+05
1e+06,4623.3,3.1639e+05,-7.5158e+05,-6.8412e+05,-2.1494e+05,7.2448e+05,9.8269e+05,-2.1595e+05,8.7007e+05
-5.7551e+05,-5.647e+05,-5.4254e+05,-4.1034e+05,6.6475e+05,8.1135e+05,-6.4798e+05,-1.4489e+05,8.688e+05,8.5433e+05
-5.9771e+05,-8.2529e+05,-6.5369e+05,5.1166e+05,-3.0015e+05,-2.0374e+05,6.3248e+05,-1.1543e+05,1.1696e+05,4.7511e+05
-5.5815e+05,-9.1214e+05,-6.7759e+05,-7.5487e+05,6.7222e+05,-5.4853e+05,4.2436e+05,-2.3177e+05,-88.725,2.1069e+05
-5.4014e+05,-3.9745e+05,3.3699e+05,4.7815e+05,-6.7896e+05,8.1093e+05,8.6214e+05,-1590.3,9.9314e+05,2.1386e+05
-5.5825e+05,-1.0012e+05,16236,-8.2116e+05,-2.9517e+05,-7.1621e+05,-5.0635e+05,9.7277e+05,-2.1394e+05,4.4885e+05
-6.2977e+05,11762,-9.9983e+05,-3.1156e+05,6.4373e+05,6.9759e+05,17880,2195.3,4.4486e+05,8.6764e+05
-5.1636e+05,-8.2536e+05,8712.7,5.2881e+05,-2.1476e+05,20339,6.371e+05,-2.3277e+05,8.6967e+05,2.4021e+05
-6.9379e+05,-5.6449e+05,2.55e+05,-6.8504e+05,-7.345e+05,7.4634e+05,-6.4279e+05,9.7253e+05,7.9469e+05,8.6071e+05
-5.0203e+05,-1.0582e+05,-9.0669e+05,-5.0108e+05,2.4844e+05,-11188,4.2535e+05,-2.6151e+05,-2.291e+05,4.4886e+05
-6.0631e+05,-9.326e+05,-3.36e+05,-8.5195e+05,-9.003e+05,-6.6547e+05,-5.0564e+05,9.6515e+05,5.6212e+05,8.7594e+05
-6.3243e+05,-3.4504e+05,3.3543e+05,-2.4351e+05,3.5741e+05,-4.281e+05,8.6255e+05,9832,3.8311e+05,3.4763e+05
-4.821e+05,-3.6022e+05,-7.7524e+05,4.6355e+05,-5.9262e+05,-3.1929e+05,18143,-1.3151e+05,9.1441e+05,3.3449e+05
-6.7327e+05,-9.2747e+05,-5.3525e+05,4.4719e+05,-3.9469e+05,8.4545e+05,8.8539e+05,9.8456e+05,-1.3067e+05,3.6891e+05
-5.435e+05,-1.0015e+05,-9.8097e+05,-2.1915e+05,7.0215e+05,-3.1058e+05,-15412,-1.1553e+05,-2.2145e+05,8.69e+05
-5.0131e+05,-8.8687e+05,-1.451e+05,-8.6718e+05,-3.8075e+05,-4.3518e+05,-4.6459e+05,7.7249e+05,7.9621e+05,3.2977e+05
-5.7237e+05,-16204,1.2898e+05,3.8646e+05,-6.0203e+05,8.4508e+05,-4.5514e+05,-4.5586e+05,5.6303e+05,5.4859e+05
-4.8354e+05,-4.6174e+05,-9.873e+05,-9.1698e+05,7.0185e+05,2.0537e+05,-3951.2,4.421e+05,9.2433e+05,2.0649e+05
-6.6225e+05,-4.5652e+05,1.1068e+05,-99001,-2.0896e+05,6.4079e+05,8.9041e+05,-4.5453e+05,-1.3351e+05,8.1019e+05
-4.6578e+05,-5888.8,-1.1398e+05,-2.1443e+05,6.4534e+05,-7.3974e+05,3423.3,7.724e+05,3.5746e+05,7.031e+05
-5.8683e+05,-8.897e+05,-7.3561e+05,4.4774e+05,-7.3476e+05,-6.5667e+05,-4.5577e+05,4.4363e+05,9.2349e+05,6.8368e+05
-6.6233e+05,-6.9211e+05,-5.8356e+05,-8.6807e+05,-7.205e+05,-6181.2,8.9009e+05,9.0838e+05,3.6212e+05,1.9554e+05
-7.3164e+05,-7.2135e+05,3.4401e+05,1.1464e+05,-2.2127e+05,7.5415e+05,5.4416e+05,2.2491e+05,-1.2663e+05,2.1282e+05
-4.4764e+05,25193,-4.3479e+05,2.3438e+05,6.572e+05,6.4387e+05,5.3379e+05,-3.525e+05,6.9647e+05,5.5132e+05
-5.1412e+05,2841.5,3.1425e+05,-9.6536e+05,-2.0288e+05,1.9616e+05,-6.4727e+05,2.4425e+05,6.7871e+05,8.067e+05
-4.2008e+05,-4.5907e+05,-8.4392e+05,2.3198e+05,-7.2578e+05,-7.3957e+05,4.1295e+05,9.023e+05,-2.3301e+05,8.0324e+05
-7.4665e+05,-8.884e+05,-5.5742e+05,1.1288e+05,6.5733e+05,5176.2,6.6391e+05,-3.5523e+05,5.4682e+05,2.0933e+05
-5.158e+05,13640,-7.5551e+05,-9.6615e+05,-7.9909e+05,-6.563e+05,-6.2346e+05,4.5463e+05,-2.1463e+05,5.5766e+05
-6.7012e+05,-8.8823e+05,3.4422e+05,-2.1693e+05,5.9369e+05,7.5449e+05,2.215e+05,7.7227e+05,8.0927e+05,6.4389e+05
-4.2907e+05,-4.592e+05,3.1941e+05,-8.5875e+05,-94773,-7.7256e+05,7.9611e+05,-4.4375e+05,-1.2303e+05,1.9902e+05
-6.0568e+05,-8.5754e+05,-4.3868e+05,4.6422e+05,-8.1984e+05,3.1382e+05,-5.6316e+05,5.686e+05,9.2575e+05,7.3878e+05
-4.0656e+05,-5.1401e+05,-8.3996e+05,-7.2266e+05,-10113,5.5196e+05,9.1466e+05,-4.6885e+05,3.5757e+05,2.0875e+05
-6.8312e+05,20453,-1.1104e+05,-4.3429e+05,5.725e+05,-6.1438e+05,-3.9089e+05,6.7592e+05,-2.1112e+05,6.4595e+05
-6.0668e+05,-2.313e+05,-9.8515e+05,5.3773e+05,5.6222e+05,7.8355e+05,-1.0297e+05,7.833e+05,5.4679e+05,7.3429e+05
-6.0021e+05,-1.1844e+05,1.3093e+05,-4.1262e+05,-6996.5,-92686,6.7287e+05,4.3835e+05,8.1022e+05,2.2741e+05
-4.0512e+05,-9.6565e+05,-9.3279e+05,-7.3528e+05,-8.2696e+05,7.8631e+05,4.0123e+05,-4.4079e+05,7.2261e+05,8.0215e+05
-6.8966e+05,-9.5549e+05,-2.6467e+05,5.3769e+05,7.337e+05,-6.1118e+05,-6.215e+05,-3.3947e+05,-2.2126e+05,5.5212e+05
-3.8796e+05,-2.7514e+05,2.4465e+05,-9.3327e+05,-4.4152e+05,-90441,8.0129e+05,2.1931e+05,6.5489e+05,7.289e+05
-6.1107e+05,-1.0646e+05,1.4297e+05,-13743,-5.1648e+05,3.2623e+05,2.062e+05,9.1469e+05,-2.149e+05,2.0568e+05
-6.8998e+05,-6.557e+05,-9.8369e+05,3.5892e+05,-4.392e+05,-7.6562e+05,-5.6162e+05,-4.6958e+05,7.2369e+05,6.5299e+05
-6.3659e+05,94681,-1.0918e+05,-5.9123e+05,7.3444e+05,5.5444e+05,9.2655e+05,5.6654e+05,6.5581e+05,2.1967e+05
-6.6506e+05,-7.4906e+05,2.296e+05,5.776e+05,-5.174e+05,-7.8292e+05,-1.3897e+05,6.7715e+05,6.4051e+05,7.2935e+05
-3.9044e+05,-1.1374e+05,-2.3088e+05,-5.6287e+05,9304,4.3901e+05,-3.4957e+05,2.2316e+05,-2.1035e+05,6.4791e+05
-5.1112e+05,-2.3523e+05,-9.455e+05,-9.6308e+05,-8.1904e+05,4.4081e+05,-5.4874e+05,-3.3831e+05,7.3858e+05,4.3418e+05
-4.1747e+05,-9.6526e+05,-2.2687e+05,2.382e+05,5.7366e+05,-7.2686e+05,2.0444e+05,9.1419e+05,2.6156e+05,3.1581e+05
-7.5132e+05,-4.8033e+05,2.266e+05,1.2544e+05,6.0563e+05,2.0391e+05,8.1061e+05,-4.1698e+05,9.6514e+05,8.4366e+05
-4.0441e+05,-8.7685e+05,-9.472e+05,3.4757e+05,-7.9077e+05,6.5581e+05,-3.8576e+05,4.11e+05,-9939.9,3.1765e+05
-5.2113e+05,20467,-9.4501e+05,-3759.4,-88814,8.158e+05,9.1688e+05,8.1068e+05,-2.0536e+05,4.3538e+05
-7.5158e+05,1.0949e+05,2.3359e+05,-9.3765e+05,-8.6767e+05,-1.2522e+05,-1.0257e+05,4.1452e+05,6.411e+05,8.4234e+05
-7.7712e+05,-6.578e+05,-2.289e+05,5.832e+05,4.8067e+05,-5.6462e+05,2.1166e+05,-4.1575e+05,7.3947e+05,4.8241e+05
-4.7251e+05,-7.4519e+05,-6.0544e+05,-5.9015e+05,1.2691e+05,4.4996e+05,-5.4566e+05,8.0952e+05,9.7062e+05,8.173e+05
-4.1571e+05,-9.3664e+05,3.8823e+05,-5.5822e+05,4.9636e+05,-7.7464e+05,8.1084e+05,7.2609e+05,-13559,3.1513e+05
-4.4198e+05,-17753,-6.9479e+05,-5.6644e+05,-8.5782e+05,4.4438e+05,9.3681e+05,-4.3125e+05,2.4024e+05,8.2746e+05
-7.9414e+05,-3.4984e+05,-8.0605e+05,-5.8334e+05,1.333e+05,4.0658e+05,-2.6661e+05,5.3555e+05,9.7073e+05,4.6168e+05
-4.1713e+05,-2.3607e+05,-4.8042e+05,5.8212e+05,2.1392e+05,5.0563e+05,-2.2652e+05,9.5506e+05,2.4011e+05,3.1963e+05
-4.1595e+05,-9.6592e+05,3.4566e+05,13228,4.4464e+05,-7.6094e+05,-1.2579e+05,-2.6788e+05,-5813.8,6.2749e+05
-4.2486e+05,-1.0614e+05,-2.3177e+05,-9.325e+05,-8.6979e+05,-7.1008e+05,9.2834e+05,1.269e+05,5.0091e+05,2.9548e+05
-8.0404e+05,-3.4688e+05,-9.4123e+05,3.6092e+05,4.4719e+05,6.9214e+05,-3.498e+05,-4.2958e+05,8.5553e+05,7.2038e+05
-7.7022e+05,-4402.6,2.457e+05,2.6442e+05,2.0836e+05,1.2931e+05,-6.0188e+05,7.2573e+05,-1.3098e+05,3.0465e+05
-3.4584e+05,-9.379e+05,3.9606e+05,-9.5544e+05,-8.6983e+05,2.1637e+05,3.8276e+05,5.3738e+05,9.8655e+05,6.2719e+05
-5.3586e+05,-8.1915e+05,-6.0673e+05,1.3125e+05,6.549e+05,-7.2188e+05,7.0088e+05,-2.5861e+05,1.1308e+05,7.1682e+05
-6.6027e+05,97036,-6.8921e+05,-8.5454e+05,-1.1224e+05,6.5732e+05,3.8811e+05,9.5746e+05,1.1806e+05,5.8802e+05
-6.9079e+05,-5.6531e+05,-4.5256e+05,4.7475e+05,-7.4734e+05,5.1256e+05,-5.9759e+05,1.2803e+05,1.3154e+05,7.4706e+05
-2.9472e+05,2064.1,-8.2181e+05,-2.1066e+05,-8.5994e+05,3.9896e+05,7.0161e+05,-2.3122e+05,9.8457e+05,3.1007e+05
-6.2505e+05,-3.4949e+05,3.4615e+05,5.7598e+05,2.1872e+05,-7.6034e+05,-2.5697e+05,1.1332e+05,1.1546e+05,7.6175e+05
-3.1312e+05,-9.3694e+05,2.6287e+05,-4.788e+05,4.6116e+05,-1.1447e+05,9.3973e+05,9.6628e+05,8.6786e+05,5.6766e+05
-7.1503e+05,15312,-9.3894e+05,-6.6257e+05,-1.0506e+05,8.1782e+05,-2.2557e+05,8.6141e+05,4.8033e+05,3.1225e+05
-3.1593e+05,-9.3773e+05,-2.2199e+05,-4.7659e+05,6.5787e+05,-5.6397e+05,-2.2467e+05,-3.6674e+05,-1.2686e+05,7.7741e+05
-7.8181e+05,-3.4701e+05,-5.1492e+05,5.7369e+05,-7.4576e+05,6.9837e+05,-2.2895e+05,3.5139e+05,2.3231e+05,3.1771e+05
-5.3755e+05,1.2232e+05,4.0444e+05,-6.6614e+05,-6.1814e+05,-7.0338e+05,9.4716e+05,1.1639e+05,-176.23,5.4286e+05
-7.4253e+05,-8.1886e+05,-7.5584e+05,4.5475e+05,-3.0394e+05,1.3243e+05,-6.1502e+05,-2.3174e+05,9.7264e+05,3.3544e+05
-5.959e+05,-5.6081e+05,-6.7799e+05,-1.1292e+05,7.2493e+05,8.426e+05,6.0083e+05,9.6579e+05,6.1099e+05,7.7335e+05
-3.0587e+05,-4.5406e+05,4.0739e+05,-8.8343e+05,6.9097e+05,-4.9755e+05,5.1064e+05,3.6208e+05,7.8067e+05,5.3797e+05
-5.6363e+05,1.0217e+05,-6.1185e+05,-1.0785e+05,-6.972e+05,-2.061e+05,6.0485e+05,8.6281e+05,-1.3133e+05,4.1776e+05
-7.6713e+05,-8.8509e+05,4.098e+05,4.5891e+05,-1.91e+05,-4.9635e+05,-6.1068e+05,-3.5277e+05,7.9601e+05,4.1687e+05
-3.0633e+05,1.1032e+05,-5.1774e+05,-8.8191e+05,-8.7107e+05,8.4322e+05,5.111e+05,-3.6199e+05,5.9132e+05,8.0728e+05
-2.9458e+05,-4.5708e+05,-7.5101e+05,4.9204e+05,3.4435e+05,-2.0644e+05,8.5537e+05,8.6291e+05,-1.2923e+05,6.8415e+05
-6.334e+05,-8.8256e+05,-9.9187e+05,-8.4661e+05,3.5024e+05,-7.539e+05,-5.0137e+05,3.5263e+05,4.532e+05,6.6478e+05
-7.1556e+05,-6.8688e+05,-16596,-2.0284e+05,-2.8996e+05,5.6187e+05,1.303e+05,9.9269e+05,-1.0992e+05,3e+05
-8.1299e+05,-7.1436e+05,1.2621e+05,-7.6245e+05,-6.2511e+05,3.4048e+05,7.4218e+05,-16892,8.846e+05,5.1444e+05
-4.9154e+05,1.3376e+05,4.1841e+05,-3.3371e+05,7.2468e+05,6.2596e+05,-5.7631e+05,-1.1947e+05,-1.076e+05,4.054e+05
-3.1215e+05,-9.7208e+05,-6.771e+05,5.5435e+05,2.3767e+05,2.9066e+05,3.4211e+05,8.7173e+05,4.5745e+05,7.5565e+05
-4.5836e+05,-18189,-6.0536e+05,-3.1138e+05,-8.532e+05,-7.2367e+05,-5.0077e+05,3.432e+05,8.827e+05,4.6369e+05
-8.3173e+05,-2.3394e+05,-6.2852e+05,-7.7174e+05,4.6429e+05,2.9987e+05,8.5562e+05,-3.4972e+05,7.1024e+05,7.8085e+05
-3.1326e+05,-7.7559e+05,-6.5031e+05,5.5449e+05,-8.1499e+05,6.2067e+05,1.309e+05,-1.1668e+05,6.9197e+05,4.1865e+05
-4.3375e+05,-6.1676e+05,4.2668e+05,2.2776e+05,99455,-7.2447e+05,-5.791e+05,-800.62,-1.2935e+05,4.1012e+05
-3.2504e+05,1.3442e+05,1.1737e+05,2.2634e+05,5.7087e+05,8.576e+05,7.4e+05,9.9317e+05,8.1296e+05,5.1264e+05
-8.4036e+05,-2.3227e+05,-1048.8,-9.4704e+05,-7.0304e+05,-2.4884e+05,3.4211e+05,1105.3,-1.1981e+05,7.5432e+05
-3.1512e+05,-2853.3,-9.9309e+05,-6.259e+05,6.837e+05,-4.501e+05,3.2759e+05,-1.1719e+05,5.6985e+05,7.8951e+05
-4.4065e+05,-9.7265e+05,-8.5898e+05,6.0908e+05,-1.9565e+05,5.7066e+05,7.6555e+05,9.9311e+05,-1.1142e+05,4.4464e+05
-8.4055e+05,-9.8268e+05,-3.7025e+05,-4.8711e+05,-3.9743e+05,-7.46e+05,-5.5373e+05,5.0826e+05,8.1468e+05,4.2305e+05
-7.2684e+05,-1.48e+05,3.5365e+05,-7.6191e+05,-5.1318e+05,3.4326e+05,7.7326e+05,-4.0651e+05,5.691e+05,6.5844e+05
-2.3061e+05,-1.1148e+05,15641,5.674e+05,7.6072e+05,8.6664e+05,3.127e+05,7.5922e+05,9.346e+05,6.4034e+05
-6.4693e+05,-5.866e+05,-9.9151e+05,-3.1234e+05,-5.0395e+05,-3.7418e+05,-5.5162e+05,6.4814e+05,-12110,3.9549e+05
-7.9931e+05,-7.9861e+05,1.2905e+05,-8.704e+05,-4.0888e+05,-3.3003e+05,-4.5353e+05,6.3228e+05,3.5549e+05,6.0487e+05
-2.3979e+05,1.3461e+05,-8.7665e+05,4.8229e+05,7.6082e+05,-6.5331e+05,1.0307e+05,-4.2442e+05,3.4641e+05,3.8901e+05
-5.51e+05,-9.6135e+05,3.463e+05,-99011,3.6162e+05,95967,8.8526e+05,6.6494e+05,-1412.3,6.9484e+05
-2.0453e+05,-2.7508e+05,-3.34e+05,6.1584e+05,-8.6243e+05,7.5099e+05,1.0948e+05,-4.1431e+05,9.3808e+05,3.9754e+05
-7.3365e+05,11661,2.3291e+05,-6.2299e+05,3.5418e+05,-2.4023e+05,-4.5266e+05,6.2145e+05,6.5253e+05,6.0225e+05
-6.4802e+05,1257.2,-1.1726e+05,-4.8232e+05,7.266e+05,8.6055e+05,8.8494e+05,-4.0661e+05,-1.0819e+05,6.9228e+05
-6.4381e+05,-2.349e+05,-9.654e+05,6.0174e+05,-2.2659e+05,-4.4916e+05,-5.7509e+05,5.0586e+05,7.5e+05,6.7755e+05
-2.1808e+05,-9.7202e+05,-3.4103e+05,-4.014e+05,-6.4862e+05,-3.6886e+05,4.6004e+05,7.6077e+05,9.6443e+05,4.081e+05
-7.3345e+05,-6.4488e+05,-8.707e+05,-6.905e+05,-8.4968e+05,8.6892e+05,6.7649e+05,-4.1291e+05,2.3912e+05,6.1186e+05
-1.9829e+05,1.9724e+05,3.5438e+05,5.7941e+05,4.7167e+05,-3.3002e+05,4.6416e+05,6.641e+05,1.1269e+05,4.2102e+05
-6.4948e+05,-7.3839e+05,-1.1418e+05,-7.5557e+05,2.3572e+05,1.0619e+05,-5.7167e+05,6.2328e+05,-1.0323e+05,6.7271e+05
-7.3407e+05,-8.508e+05,2.345e+05,-3.0559e+05,-2.1981e+05,-6.5118e+05,6.7657e+05,9.3413e+05,6.5562e+05,6.0845e+05
-2.0781e+05,-5.0844e+05,-9.6539e+05,-9.4185e+05,7.2893e+05,7.5146e+05,5.7288e+05,-2.6221e+05,7.48e+05,7.4175e+05
-8.0716e+05,1.3275e+05,-9.6488e+05,2.34e+05,-6.4834e+05,-4.4185e+05,-5.782e+05,2.4218e+05,2.6078e+05,4.2208e+05
-5.5255e+05,16071,2.3788e+05,2.4115e+05,1.1715e+05,-2.1659e+05,5.8094e+05,5.962e+05,9.593e+05,5.2121e+05
-5.4908e+05,-9.728e+05,-1.1145e+05,-3.9762e+05,-8.1144e+05,8.7055e+05,-5.8161e+05,-3.9265e+05,1.0837e+05,4.3922e+05
-2.2134e+05,-2.3108e+05,3.6924e+05,6.0142e+05,5.7257e+05,-2.0819e+05,5.6941e+05,7.0027e+05,2.3091e+05,7.3472e+05
-8.0593e+05,-1.1064e+05,-8.7022e+05,-6.9296e+05,-5.8796e+05,-4.471e+05,5.8095e+05,4.7432e+05,1.1468e+05,5.1698e+05
-8.6486e+05,-9.8777e+05,-3.2614e+05,5.4934e+05,7.4701e+05,8.6992e+05,9.3527e+05,8.0999e+05,9.6619e+05,5.8049e+05
-3.8064e+05,-1.0983e+05,-7.4206e+05,-2.185e+05,-3.1028e+05,-6.963e+05,-16894,-3.4486e+05,1.1396e+05,4.6726e+05
-3.273e+05,2.1148e+05,4.2146e+05,-8.0653e+05,7.4996e+05,6.789e+05,-3.5353e+05,-3.9152e+05,2.352e+05,6.6685e+05
-8.5758e+05,-6.4681e+05,-5.2127e+05,-9.2722e+05,-5.8577e+05,2.3297e+05,5.8171e+05,5.9486e+05,9.6524e+05,4.7649e+05
-2.5369e+05,-7.3274e+05,4.3554e+05,1.072e+05,-3.0728e+05,6.8461e+05,5.6922e+05,7.0204e+05,5.0576e+05,5.7435e+05
-4.4743e+05,-4.7625e+05,-7.3902e+05,3.5885e+05,7.7995e+05,-6.8989e+05,-5.8104e+05,8.217e+05,8.6248e+05,6.6564e+05
-2.0592e+05,-8.6917e+05,-5.1395e+05,-2.1322e+05,-4.6558e+05,2.353e+05,-3.4591e+05,4.5622e+05,-18256,5.3602e+05
-5.5435e+05,1.3315e+05,4.1865e+05,5.5047e+05,-4.1824e+05,8.2239e+05,-2790.6,-3.4158e+05,8.7468e+05,6.7636e+05
-8.0641e+05,-7.2996e+05,-4.2257e+05,-8.0717e+05,7.7102e+05,-13701,9.3826e+05,-2.5314e+05,4.8451e+05,5.0519e+05
-3.4455e+05,2.0375e+05,-8.0384e+05,-7.931e+05,-3.404e+05,-5.6876e+05,2829.4,9.3636e+05,-13989,6.259e+05
-8.7954e+05,-6.5242e+05,3.4069e+05,-2.2914e+05,-5.382e+05,-5.6007e+05,-3.4673e+05,2.4323e+05,8.8447e+05,6.0926e+05
-3.2817e+05,-2.3768e+05,-2.2654e+05,5.6434e+05,-4.6365e+05,-5104.1,9.3796e+05,9.4241e+05,-10657,4.8687e+05
-6.7863e+05,-9.7127e+05,-9.1248e+05,-6.6142e+05,7.8068e+05,8.2843e+05,8.3776e+05,2.3293e+05,4.6648e+05,6.8811e+05
-7.094e+05,12373,-4.1812e+05,-4.1687e+05,-4.19e+05,-7.3543e+05,-4.9127e+05,-2.4003e+05,4.5558e+05,5.189e+05
-1.903e+05,-8.0432e+05,4.1573e+05,6.2349e+05,-3.3545e+05,4.1601e+05,2.3837e+05,-2.276e+05,-2628.2,5.072e+05
-4.4652e+05,2.0728e+05,-8.0768e+05,-3.9897e+05,7.7308e+05,5.3486e+05,9.5647e+05,2.2673e+05,8.9019e+05,5.5176e+05
-2.2144e+05,-5.5687e+05,-2.2219e+05,-6.7251e+05,-5.3835e+05,4331.6,-2.705e+05,9.4699e+05,7.1633e+05,5.4201e+05
-8.6694e+05,-9.312e+05,3.3953e+05,6.2334e+05,4.8593e+05,-5.6015e+05,-1.0949e+05,2.2906e+05,6.9746e+05,6.3387e+05
-2.1059e+05,1.049e+05,-9.1398e+05,-2.0644e+05,-8.401e+05,8.2838e+05,-4.9048e+05,-2.2769e+05,-20394,5.9117e+05
-4.5126e+05,-3.491e+05,-5.8084e+05,-7.9905e+05,2.4106e+05,4.251e+05,8.3796e+05,9.4641e+05,3.8584e+05,5.7793e+05
-8.6719e+05,-5.4951e+05,4.6664e+05,5.6471e+05,6.59e+05,-7.281e+05,2.3927e+05,2.532e+05,9.1686e+05,5.626e+05
-8.3851e+05,2.046e+05,-6.6699e+05,-5.3151e+05,-8506.3,5.3774e+05,4.2966e+05,9.3631e+05,1.0243e+05
-5.055e+05,-8.1005e+05,2.6704e+05,-5.4572e+05,-7.521e+05,8.5796e+05,7.2559e+05,-2.4334e+05,9.295e+05
-2.0342e+05,2.2305e+05,-9.5796e+05,6.4784e+05,-7.4382e+05,-5.0491e+05,-5.375e+05,4.3246e+05,1.0882e+05
-4.7133e+05,-7.2986e+05,-1.0486e+05,1.3177e+05,-8208.3,-94768,-2.6074e+05,-3.1761e+05,3.524e+05
