numstep=3;
dt=1e-4;
interpolation=4;
nq=6;

E=1e9;
nu=0.2;
density=1e3;

sd=3;
nnd=251;
if_ext=1;
EType=2;
nel=83;

nodes=
 		    0.0000      0.0000       -1.0000      
                   -1.0000      0.12246E-15    0.0000      
                  -0.19509      0.23892E-16  -0.98079      
                  -0.38268      0.46865E-16  -0.92388      
                  -0.55557      0.68038E-16  -0.83147      
                  -0.70711      0.86596E-16  -0.70711      
                  -0.83147      0.10183E-15  -0.55557      
                  -0.92388      0.11314E-15  -0.38268      
                  -0.98079      0.12011E-15  -0.19509      
                    0.0000       0.0000        1.0000      
                  -0.98079      0.12011E-15   0.19509      
                  -0.92388      0.11314E-15   0.38268      
                  -0.83147      0.10183E-15   0.55557      
                  -0.70711      0.86596E-16   0.70711      
                  -0.55557      0.68038E-16   0.83147      
                  -0.38268      0.46865E-16   0.92388      
                  -0.19509      0.23892E-16   0.98079      
                    1.0000       0.0000        0.0000      
                   0.98079       0.0000       0.19509      
                   0.92388       0.0000       0.38268      
                   0.83147       0.0000       0.55557      
                   0.70711       0.0000       0.70711      
                   0.55557       0.0000       0.83147      
                   0.38268       0.0000       0.92388      
                   0.19509       0.0000       0.98079      
                   0.19509       0.0000      -0.98079      
                   0.38268       0.0000      -0.92388      
                   0.55557       0.0000      -0.83147      
                   0.70711       0.0000      -0.70711      
                   0.83147       0.0000      -0.55557      
                   0.92388       0.0000      -0.38268      
                   0.98079       0.0000      -0.19509      
                  -0.43500      0.44759       0.78131      
                  -0.41272      0.63717       0.65091      
                  -0.98110E-01  0.90916       0.40473      
                  -0.28009      0.93809       0.20381      
                   0.15640      0.91386       0.37469      
                   0.28822E-01  0.99630       0.81012E-01  
                   0.15533      0.56090       0.81318      
                   0.21013      0.76819       0.60475      
                  -0.14377      0.96913      -0.20028      
                  -0.37922      0.10223       0.91964      
                  -0.64384      0.16484       0.74720      
                  -0.96186      0.27165       0.32191E-01  
                  -0.88040      0.27790      -0.38428      
                  -0.65547      0.23361      -0.71818      
                  -0.37346      0.15933      -0.91386      
                   0.32086      0.21511       0.92238      
                   0.67174      0.25222       0.69653      
                   0.90443      0.24952       0.34606      
                   0.97863      0.20084      -0.44151E-01  
                   0.91595      0.13480      -0.37797      
                   0.38789      0.24788      -0.88775      
                  -0.46976      0.26618       0.84171      
                  -0.82777      0.54058      -0.15022      
                  -0.68026      0.50383      -0.53235      
                  -0.46640      0.38916      -0.79437      
                   0.42768      0.46442       0.77551      
                   0.72644      0.49686       0.47478      
                   0.88872      0.44686       0.10245      
                   0.91427      0.33410      -0.22912      
                  -0.69594      0.71176       0.95208E-01  
                  -0.59392      0.73553      -0.32599      
                   0.70669      0.67847       0.20067      
                   0.80293      0.56494      -0.19010      
                   0.33121      0.67736      -0.65688      
                  -0.44842      0.89051      -0.76894E-01  
                   0.60936      0.78743      -0.92937E-01  
                   0.47254      0.78991      -0.39082      
                  -0.11935      0.63269       0.76515      
                   0.19159      0.93337      -0.30351      
                  -0.82836      0.49068       0.27028      
                  -0.87101      0.22468       0.43687      
                  -0.67665      0.38756       0.62605      
                  -0.25140      0.26267       0.93156      
                  -0.64139E-01  0.16095       0.98488      
                   0.59446E-01  0.37540       0.92496      
                   0.80829      0.34103      -0.47996      
                   0.72252      0.20791      -0.65935      
                   0.54819      0.45266      -0.70327      
                   0.16597      0.47156      -0.86608      
                  -0.22830E-01  0.22654      -0.97373      
                  -0.20244      0.38331      -0.90116      
                  -0.38754      0.62198      -0.68041      
                  -0.11777      0.61137      -0.78253      
                   0.45610E-01  0.81845      -0.57277      
                   0.69236      0.56972      -0.44278      
                  -0.28845      0.83801      -0.46317      
                  -0.51777      0.79346       0.31991      
                  -0.65245      0.57543       0.49314      
                  -0.21476      0.44337       0.87023      
                   0.45550      0.84321       0.28550      
                   0.48292      0.67038       0.56337      
                   0.33330      0.94280      -0.61848E-02  
                  -0.33851      0.78050       0.52557      
                  -0.44274E-01  0.77085       0.63548      
                  -0.43790E-01  0.96117       0.27246      
                   0.10019      0.98842      -0.11393      
                   0.62809E-01  0.68471       0.72611      
                   0.27393      0.83414      -0.47872      
                   0.64794      0.70688      -0.28373      
                   0.54374      0.83304       0.10198      
                  -0.29704      0.55701       0.77557      
                  -0.37805      0.88457      -0.27315      
                  -0.49929      0.85770       0.12271      
                   0.89130      0.26713      -0.36637      
                   0.91543      0.39310      -0.86415E-01  
                   0.82711      0.48307       0.28729      
                   0.59273      0.48804       0.64069      
                   0.36874      0.48020      -0.79589      
                  -0.35469      0.31459      -0.88047      
                  -0.56623      0.45382      -0.68806      
                  -0.76726      0.53381      -0.35548      
                  -0.85034      0.52258       0.61927E-01  
                  -0.55946      0.32427       0.76279      
                  -0.37177      0.20340       0.90577      
                   0.24296      0.41944       0.87467      
                  -0.76919      0.43673       0.46649      
                  -0.12634      0.31704       0.93996      
                   0.70487      0.40631      -0.58143      
                  -0.44461E-01  0.44118      -0.89632      
                  -0.18550      0.75265      -0.63175      
                  -0.51381      0.69480       0.50324      
                   0.34834      0.81834       0.45715      
                  -0.15016      0.83610       0.52763      
                   0.36895     -0.44284      -0.81717      
                   0.43664     -0.58399      -0.68432      
                   0.22477     -0.60070      -0.76723      
                   0.56053     -0.68765      -0.46146      
                   0.37275     -0.72785      -0.57558      
                   0.58428     -0.51436      -0.62773      
                  -0.14595     -0.54262       0.82720      
                   0.61039E-01 -0.55391       0.83034      
                  -0.23418E-01 -0.39909       0.91661      
                  -0.37923     -0.17815       0.90799      
                  -0.68355     -0.20680       0.70000      
                  -0.89583     -0.22928       0.38069      
                  -0.97285     -0.23139      -0.49928E-02  
                  -0.89644     -0.22100      -0.38414      
                  -0.35930     -0.21165      -0.90890      
                   0.18771E-01 -0.19311      -0.98100      
                   0.35096     -0.18478       0.91798      
                   0.88112     -0.24930       0.40185      
                   0.96639     -0.25676       0.13254E-01  
                   0.89623     -0.23633      -0.37539      
                   0.69127     -0.20506      -0.69289      
                  -0.50425     -0.38312       0.77392      
                  -0.73725     -0.43258       0.51897      
                  -0.87191     -0.45638       0.17749      
                  -0.87327     -0.44810      -0.19132      
                  -0.14378     -0.40305      -0.90381      
                   0.84001     -0.49847       0.21428      
                   0.85823     -0.48651      -0.16354      
                   0.74356     -0.43719      -0.50595      
                  -0.69999     -0.63707       0.32273      
                  -0.77939     -0.62581      -0.30236E-01  
                  -0.26876     -0.57750      -0.77089      
                   0.63243     -0.68093       0.36928      
                   0.73568     -0.67708       0.18549E-01  
                   0.71783     -0.60933      -0.33681      
                  -0.59582     -0.79527       0.11199      
                  -0.34375     -0.73213      -0.58807      
                   0.37942     -0.80362       0.45852      
                   0.51239     -0.84219       0.16783      
                   0.58902     -0.79314      -0.15486      
                  -0.97280E-01 -0.78139       0.61641      
                   0.10262     -0.81984       0.56332      
                  -0.48553     -0.86633      -0.11721      
                  -0.40539     -0.84528      -0.34807      
                  -0.13520     -0.83735      -0.52969      
                   0.83106E-01 -0.88157      -0.46468      
                   0.46935     -0.81906      -0.32993      
                   0.27945     -0.85333      -0.44016      
                  -0.19268     -0.93934      -0.28374      
                   0.69064     -0.46513       0.55379      
                   0.45170     -0.60569       0.65506      
                   0.65871     -0.22172       0.71898      
                   0.44791     -0.40321       0.79800      
                   0.14840     -0.33424       0.93073      
                  -0.72492E-02 -0.14962       0.98872      
                  -0.19223     -0.32876       0.92464      
                  -0.73394     -0.43680      -0.52014      
                  -0.68023     -0.21971      -0.69930      
                  -0.47750     -0.42809      -0.76729      
                   0.21115     -0.36471      -0.90686      
                   0.52037     -0.37602      -0.76670      
                   0.38662     -0.17222      -0.90602      
                   0.64621E-01 -0.52045      -0.85144      
                  -0.59546E-01 -0.69348      -0.71801      
                   0.15771     -0.73973      -0.65416      
                  -0.55497     -0.58748      -0.58896      
                  -0.65476     -0.73163      -0.18973      
                  -0.75223     -0.55826      -0.35000      
                  -0.57239     -0.70606      -0.41695      
                  -0.27136     -0.79418       0.54373      
                  -0.53958     -0.56914       0.62043      
                  -0.49247     -0.76331       0.41813      
                  -0.31327     -0.46891       0.82583      
                  -0.17355     -0.64336       0.74563      
                  -0.34719     -0.65349       0.67261      
                   0.23209     -0.68415       0.69143      
                   0.23284     -0.48862       0.84085      
                   0.33172E-01 -0.65766       0.75258      
                  -0.31384     -0.92044       0.23301      
                  -0.85145E-01 -0.93173       0.35304      
                  -0.19749     -0.98030      -0.78895E-03  
                   0.26720     -0.93622      -0.22823      
                   0.70289E-01 -0.96535      -0.25131      
                   0.38969     -0.91939      -0.53584E-01  
                   0.67950E-01 -0.99715       0.32676E-01  
                   0.19834     -0.94509       0.25973      
                   0.35424     -0.54077      -0.76295      
                   0.51257     -0.61855      -0.59554      
                  -0.32215E-01 -0.49744       0.86690      
                   0.33383     -0.88044      -0.33672      
                  -0.57230E-01 -0.92376      -0.37868      
                  -0.32282     -0.92900      -0.18096      
                  -0.10533     -0.85073       0.51494      
                   0.22104     -0.81393      -0.53727      
                   0.59446     -0.73952      -0.31582      
                   0.56662     -0.82391       0.10551E-01  
                   0.44381     -0.83688       0.32040      
                   0.30579     -0.75080       0.58548      
                  -0.20826     -0.72050      -0.66144      
                  -0.47104     -0.72627      -0.50065      
                  -0.63150     -0.77380      -0.49423E-01  
                  -0.54358     -0.79465       0.27028      
                  -0.87751E-01 -0.70019       0.70854      
                   0.64605     -0.40141      -0.64923      
                   0.81779     -0.45927      -0.34682      
                   0.86780     -0.49625       0.25616E-01  
                   0.78166     -0.48256       0.39515      
                   0.36828E-01 -0.37889      -0.92471      
                  -0.31955     -0.41365      -0.85251      
                  -0.82453     -0.43104      -0.36654      
                  -0.89287     -0.45021      -0.97146E-02  
                  -0.81997     -0.44633       0.35839      
                  -0.63034     -0.40464       0.66253      
                  -0.36365     -0.35059       0.86304      
                   0.30689     -0.36307       0.87977      
                   0.57630     -0.43199       0.69373      
                  -0.14335E-01 -0.29586       0.95512      
                  -0.61998     -0.42865      -0.65718      
                   0.37895     -0.33927      -0.86098      
                   0.90721E-01 -0.64839      -0.75588      
                  -0.66362     -0.67337      -0.32587      
                  -0.42882     -0.71254       0.55534      
                  -0.25727     -0.57882       0.77381      
                   0.15349     -0.60305       0.78280      
                  -0.62131E-01 -0.98181       0.17942      
                   0.19540     -0.97392      -0.11533 ;

IEN=
	118,123,103,115,90,34,33,74
116,115,103,119,54,33,91,75
123,125,99,103,95,96,70,34
97,124,99,125,37,40,96,35
123,105,97,125,89,36,35,95
104,98,97,105,41,38,36,67
97,98,102,124,38,94,92,37
117,119,103,99,77,91,70,39
109,117,99,124,58,39,40,93
122,100,98,104,86,71,41,88
98,100,101,102,71,69,68,94
107,101,120,106,65,87,78,61
101,107,108,102,65,60,64,68
102,108,109,124,64,59,93,92
123,118,114,105,90,72,62,89
105,114,113,104,62,55,63,67
104,113,112,122,63,56,84,88
100,110,120,101,66,80,87,69
122,121,110,100,85,81,66,86
122,112,111,121,84,57,83,85
112,6,4,111,46,5,47,57
111,4,1,121,47,3,82,83
121,1,27,110,82,26,53,81
110,27,29,120,53,28,79,80
120,29,31,106,79,30,52,78
106,31,18,107,52,32,51,61
107,18,20,108,51,19,50,60
108,20,22,109,50,21,49,59
109,22,24,117,49,23,48,58
117,24,10,119,48,25,76,77
119,10,16,116,76,17,42,75
116,16,14,115,42,15,43,54
115,14,12,118,43,13,73,74
118,12,2,114,73,11,44,72
114,2,8,113,44,9,45,55
113,8,6,112,45,7,46,56
212,213,229,244,127,131,186,126
212,244,233,245,126,185,188,128
245,219,213,212,190,130,127,128
213,219,215,220,130,173,172,129
230,229,213,220,154,131,129,160
214,249,228,248,133,203,199,132
239,242,214,248,181,134,132,198
242,240,249,214,179,202,133,134
218,228,249,223,166,203,201,167
223,222,250,218,163,211,205,167
222,221,251,250,164,209,210,211
251,216,217,250,208,174,206,210
251,215,219,216,207,173,171,208
251,221,220,215,209,165,172,207
217,226,227,250,168,161,204,206
250,227,247,218,204,197,195,205
218,247,248,228,195,200,199,166
219,245,224,216,190,189,170,171
216,224,225,217,170,162,169,174
217,225,246,226,169,194,192,168
221,231,230,220,159,153,160,165
222,232,231,221,158,152,159,164
223,241,232,222,176,175,158,163
249,240,241,223,202,178,176,201
247,238,239,248,196,147,198,200
227,237,238,247,155,148,196,197
226,236,237,227,156,149,155,161
246,235,236,226,193,150,156,192
225,243,235,246,191,182,193,194
224,234,243,225,157,184,191,162
245,233,234,224,188,151,157,189
229,29,27,244,146,28,187,186
244,27,1,233,187,26,141,185
233,1,4,234,141,3,140,151
234,4,6,243,140,5,183,184
243,6,8,235,183,7,139,182
235,8,2,236,139,9,138,150
236,2,12,237,138,11,137,149
237,12,14,238,137,13,136,148
238,14,16,239,136,15,135,147
239,16,10,242,135,17,180,181
242,10,24,240,180,25,142,179
240,24,22,241,142,23,177,178
241,22,20,232,177,21,143,175
232,20,18,231,143,19,144,152
231,18,31,230,144,32,145,153
230,31,29,229,145,30,146,154


UBC_num=0;
UBC_dof=

UBC_values=


FBC_num=753;
FBC_dof=
1,77,153,229,305,381,457,533,609,685
2,78,154,230,306,382,458,534,610,686
3,79,155,231,307,383,459,535,611,687
4,80,156,232,308,384,460,536,612,688
5,81,157,233,309,385,461,537,613,689
6,82,158,234,310,386,462,538,614,690
7,83,159,235,311,387,463,539,615,691
8,84,160,236,312,388,464,540,616,692
9,85,161,237,313,389,465,541,617,693
10,86,162,238,314,390,466,542,618,694
11,87,163,239,315,391,467,543,619,695
12,88,164,240,316,392,468,544,620,696
13,89,165,241,317,393,469,545,621,697
14,90,166,242,318,394,470,546,622,698
15,91,167,243,319,395,471,547,623,699
16,92,168,244,320,396,472,548,624,700
17,93,169,245,321,397,473,549,625,701
18,94,170,246,322,398,474,550,626,702
19,95,171,247,323,399,475,551,627,703
20,96,172,248,324,400,476,552,628,704
21,97,173,249,325,401,477,553,629,705
22,98,174,250,326,402,478,554,630,706
23,99,175,251,327,403,479,555,631,707
24,100,176,252,328,404,480,556,632,708
25,101,177,253,329,405,481,557,633,709
26,102,178,254,330,406,482,558,634,710
27,103,179,255,331,407,483,559,635,711
28,104,180,256,332,408,484,560,636,712
29,105,181,257,333,409,485,561,637,713
30,106,182,258,334,410,486,562,638,714
31,107,183,259,335,411,487,563,639,715
32,108,184,260,336,412,488,564,640,716
33,109,185,261,337,413,489,565,641,717
34,110,186,262,338,414,490,566,642,718
35,111,187,263,339,415,491,567,643,719
36,112,188,264,340,416,492,568,644,720
37,113,189,265,341,417,493,569,645,721
38,114,190,266,342,418,494,570,646,722
39,115,191,267,343,419,495,571,647,723
40,116,192,268,344,420,496,572,648,724
41,117,193,269,345,421,497,573,649,725
42,118,194,270,346,422,498,574,650,726
43,119,195,271,347,423,499,575,651,727
44,120,196,272,348,424,500,576,652,728
45,121,197,273,349,425,501,577,653,729
46,122,198,274,350,426,502,578,654,730
47,123,199,275,351,427,503,579,655,731
48,124,200,276,352,428,504,580,656,732
49,125,201,277,353,429,505,581,657,733
50,126,202,278,354,430,506,582,658,734
51,127,203,279,355,431,507,583,659,735
52,128,204,280,356,432,508,584,660,736
53,129,205,281,357,433,509,585,661,737
54,130,206,282,358,434,510,586,662,738
55,131,207,283,359,435,511,587,663,739
56,132,208,284,360,436,512,588,664,740
57,133,209,285,361,437,513,589,665,741
58,134,210,286,362,438,514,590,666,742
59,135,211,287,363,439,515,591,667,743
60,136,212,288,364,440,516,592,668,744
61,137,213,289,365,441,517,593,669,745
62,138,214,290,366,442,518,594,670,746
63,139,215,291,367,443,519,595,671,747
64,140,216,292,368,444,520,596,672,748
65,141,217,293,369,445,521,597,673,749
66,142,218,294,370,446,522,598,674,750
67,143,219,295,371,447,523,599,675,751
68,144,220,296,372,448,524,600,676,752
69,145,221,297,373,449,525,601,677,753
70,146,222,298,374,450,526,602,678
71,147,223,299,375,451,527,603,679
72,148,224,300,376,452,528,604,680
73,149,225,301,377,453,529,605,681
74,150,226,302,378,454,530,606,682
75,151,227,303,379,455,531,607,683
76,152,228,304,380,456,532,608,684

FBC_values=
0,0,-44151,59446,8.3304e+05,-6.8432e+05,8.5823e+05,-4.0321e+05,7.5258e+05,6.4605e+05
0,-9.8079e+05,9.1595e+05,3.754e+05,1.0198e+05,2.2477e+05,-4.8651e+05,7.98e+05,-3.1384e+05,-4.0141e+05
-1e+06,3.8268e+05,1.348e+05,9.2496e+05,-2.9704e+05,-6.007e+05,-1.6354e+05,1.484e+05,-9.2044e+05,-6.4923e+05
-1e+06,0,-3.7797e+05,8.0829e+05,5.5701e+05,-7.6723e+05,7.4356e+05,-3.3424e+05,2.3301e+05,8.1779e+05
1.2246e-10,-9.2388e+05,3.8789e+05,3.4103e+05,7.7557e+05,5.6053e+05,-4.3719e+05,9.3073e+05,-85145,-4.5927e+05
0,5.5557e+05,2.4788e+05,-4.7996e+05,-3.7805e+05,-6.8765e+05,-5.0595e+05,-7249.2,-9.3173e+05,-3.4682e+05
-1.9509e+05,0,-8.8775e+05,7.2252e+05,8.8457e+05,-4.6146e+05,-6.9999e+05,-1.4962e+05,3.5304e+05,8.678e+05
2.3892e-11,-8.3147e+05,-4.6976e+05,2.0791e+05,-2.7315e+05,3.7275e+05,-6.3707e+05,9.8872e+05,-1.9749e+05,-4.9625e+05
-9.8079e+05,7.0711e+05,2.6618e+05,-6.5935e+05,-4.9929e+05,-7.2785e+05,3.2273e+05,-1.9223e+05,-9.803e+05,25616
-3.8268e+05,0,8.4171e+05,5.4819e+05,8.577e+05,-5.7558e+05,-7.7939e+05,-3.2876e+05,-788.95,7.8166e+05
4.6865e-11,-7.0711e+05,-8.2777e+05,4.5266e+05,1.2271e+05,5.8428e+05,-6.2581e+05,9.2464e+05,2.672e+05,-4.8256e+05
-9.2388e+05,8.3147e+05,5.4058e+05,-7.0327e+05,8.913e+05,-5.1436e+05,-30236,-7.3394e+05,-9.3622e+05,3.9515e+05
-5.5557e+05,0,-1.5022e+05,1.6597e+05,2.6713e+05,-6.2773e+05,-2.6876e+05,-4.368e+05,-2.2823e+05,36828
6.8038e-11,-5.5557e+05,-6.8026e+05,4.7156e+05,-3.6637e+05,-1.4595e+05,-5.775e+05,-5.2014e+05,70289,-3.7889e+05
-8.3147e+05,9.2388e+05,5.0383e+05,-8.6608e+05,9.1543e+05,-5.4262e+05,-7.7089e+05,-6.8023e+05,-9.6535e+05,-9.2471e+05
-7.0711e+05,0,-5.3235e+05,-22830,3.931e+05,8.272e+05,6.3243e+05,-2.1971e+05,-2.5131e+05,-3.1955e+05
8.6596e-11,-3.8268e+05,-4.664e+05,2.2654e+05,-86415,61039,-6.8093e+05,-6.993e+05,3.8969e+05,-4.1365e+05
-7.0711e+05,9.8079e+05,3.8916e+05,-9.7373e+05,8.2711e+05,-5.5391e+05,3.6928e+05,-4.775e+05,-9.1939e+05,-8.5251e+05
-8.3147e+05,0,-7.9437e+05,-2.0244e+05,4.8307e+05,8.3034e+05,7.3568e+05,-4.2809e+05,-53584,-8.2453e+05
1.0183e-10,-1.9509e+05,4.2768e+05,3.8331e+05,2.8729e+05,-23418,-6.7708e+05,-7.6729e+05,67950,-4.3104e+05
-5.5557e+05,-4.35e+05,4.6442e+05,-9.0116e+05,5.9273e+05,-3.9909e+05,18549,2.1115e+05,-9.9715e+05,-3.6654e+05
-9.2388e+05,4.4759e+05,7.7551e+05,-3.8754e+05,4.8804e+05,9.1661e+05,7.1783e+05,-3.6471e+05,32676,-8.9287e+05
1.1314e-10,7.8131e+05,7.2644e+05,6.2198e+05,6.4069e+05,-3.7923e+05,-6.0933e+05,-9.0686e+05,1.9834e+05,-4.5021e+05
-3.8268e+05,-4.1272e+05,4.9686e+05,-6.8041e+05,3.6874e+05,-1.7815e+05,-3.3681e+05,5.2037e+05,-9.4509e+05,-9714.6
-9.8079e+05,6.3717e+05,4.7478e+05,-1.1777e+05,4.802e+05,9.0799e+05,-5.9582e+05,-3.7602e+05,2.5973e+05,-8.1997e+05
1.2011e-10,6.5091e+05,8.8872e+05,6.1137e+05,-7.9589e+05,-6.8355e+05,-7.9527e+05,-7.667e+05,3.5424e+05,-4.4633e+05
-1.9509e+05,-98110,4.4686e+05,-7.8253e+05,-3.5469e+05,-2.068e+05,1.1199e+05,3.8662e+05,-5.4077e+05,3.5839e+05
0,9.0916e+05,1.0245e+05,45610,3.1459e+05,7e+05,-3.4375e+05,-1.7222e+05,-7.6295e+05,-6.3034e+05
0,4.0473e+05,9.1427e+05,8.1845e+05,-8.8047e+05,-8.9583e+05,-7.3213e+05,-9.0602e+05,5.1257e+05,-4.0464e+05
1e+06,-2.8009e+05,3.341e+05,-5.7277e+05,-5.6623e+05,-2.2928e+05,-5.8807e+05,64621,-6.1855e+05,6.6253e+05
-9.8079e+05,9.3809e+05,-2.2912e+05,6.9236e+05,4.5382e+05,3.8069e+05,3.7942e+05,-5.2045e+05,-5.9554e+05,-3.6365e+05
1.2011e-10,2.0381e+05,-6.9594e+05,5.6972e+05,-6.8806e+05,-9.7285e+05,-8.0362e+05,-8.5144e+05,-32215,-3.5059e+05
1.9509e+05,1.564e+05,7.1176e+05,-4.4278e+05,-7.6726e+05,-2.3139e+05,4.5852e+05,-59546,-4.9744e+05,8.6304e+05
-9.2388e+05,9.1386e+05,95208,-2.8845e+05,5.3381e+05,-4992.8,5.1239e+05,-6.9348e+05,8.669e+05,3.0689e+05
1.1314e-10,3.7469e+05,-5.9392e+05,8.3801e+05,-3.5548e+05,-8.9644e+05,-8.4219e+05,-7.1801e+05,3.3383e+05,-3.6307e+05
3.8268e+05,28822,7.3552e+05,-4.6317e+05,-8.5034e+05,-2.21e+05,1.6783e+05,1.5771e+05,-8.8044e+05,8.7977e+05
-8.3147e+05,9.963e+05,-3.2599e+05,-5.1777e+05,5.2258e+05,-3.8414e+05,5.8902e+05,-7.3973e+05,-3.3672e+05,5.763e+05
1.0183e-10,81012,7.0669e+05,7.9346e+05,61927,-3.593e+05,-7.9314e+05,-6.5416e+05,-57230,-4.3199e+05
5.5557e+05,1.5533e+05,6.7847e+05,3.1991e+05,-5.5946e+05,-2.1165e+05,-1.5486e+05,-5.5497e+05,-9.2376e+05,6.9373e+05
-7.0711e+05,5.609e+05,2.0067e+05,-6.5245e+05,3.2427e+05,-9.089e+05,-97280,-5.8748e+05,-3.7868e+05,-14335
8.6596e-11,8.1318e+05,8.0293e+05,5.7543e+05,7.6279e+05,18771,-7.8139e+05,-5.8896e+05,-3.2282e+05,-2.9586e+05
7.0711e+05,2.1013e+05,5.6494e+05,4.9314e+05,-3.7177e+05,-1.9311e+05,6.1641e+05,-6.5476e+05,-9.29e+05,9.5512e+05
-5.5557e+05,7.6819e+05,-1.901e+05,-2.1476e+05,2.034e+05,-9.81e+05,1.0262e+05,-7.3163e+05,-1.8096e+05,-6.1998e+05
6.8038e-11,6.0475e+05,3.3121e+05,4.4337e+05,9.0577e+05,3.5096e+05,-8.1984e+05,-1.8973e+05,-1.0533e+05,-4.2865e+05
8.3147e+05,-1.4377e+05,6.7736e+05,8.7023e+05,2.4296e+05,-1.8478e+05,5.6332e+05,-7.5223e+05,-8.5073e+05,-6.5718e+05
-3.8268e+05,9.6913e+05,-6.5688e+05,4.555e+05,4.1944e+05,9.1798e+05,-4.8553e+05,-5.5826e+05,5.1494e+05,3.7895e+05
4.6865e-11,-2.0028e+05,-4.4842e+05,8.4321e+05,8.7467e+05,8.8112e+05,-8.6633e+05,-3.5e+05,2.2104e+05,-3.3927e+05
9.2388e+05,-3.7922e+05,8.9051e+05,2.855e+05,-7.6919e+05,-2.493e+05,-1.1721e+05,-5.7239e+05,-8.1393e+05,-8.6098e+05
-1.9509e+05,1.0223e+05,-76894,4.8292e+05,4.3673e+05,4.0185e+05,-4.0539e+05,-7.0606e+05,-5.3727e+05,90721
2.3892e-11,9.1964e+05,6.0936e+05,6.7038e+05,4.6649e+05,9.6638e+05,-8.4528e+05,-4.1695e+05,5.9446e+05,-6.4839e+05
9.8079e+05,-6.4384e+05,7.8743e+05,5.6337e+05,-1.2634e+05,-2.5676e+05,-3.4807e+05,-2.7136e+05,-7.3951e+05,-7.5588e+05
1e+06,1.6484e+05,-92937,3.333e+05,3.1704e+05,13254,-1.352e+05,-7.9418e+05,-3.1582e+05,-6.6362e+05
0,7.472e+05,4.7254e+05,9.428e+05,9.3996e+05,8.9623e+05,-8.3735e+05,5.4373e+05,5.6662e+05,-6.7337e+05
0,-9.6186e+05,7.8991e+05,-6184.8,7.0487e+05,-2.3633e+05,-5.2969e+05,-5.3958e+05,-8.2391e+05,-3.2587e+05
9.8079e+05,2.7165e+05,-3.9082e+05,-3.3851e+05,4.0631e+05,-3.7539e+05,83106,-5.6914e+05,10551,-4.2882e+05
0,32191,-1.1935e+05,7.805e+05,-5.8143e+05,6.9127e+05,-8.8157e+05,6.2043e+05,4.4381e+05,-7.1254e+05
1.9509e+05,-8.804e+05,6.3269e+05,5.2557e+05,-44461,-2.0506e+05,-4.6468e+05,-4.9247e+05,-8.3688e+05,5.5534e+05
9.2388e+05,2.779e+05,7.6515e+05,-44274,4.4118e+05,-6.9289e+05,4.6935e+05,-7.6331e+05,3.204e+05,-2.5727e+05
0,-3.8428e+05,1.9159e+05,7.7085e+05,-8.9632e+05,-5.0425e+05,-8.1906e+05,4.1813e+05,3.0579e+05,-5.7882e+05
3.8268e+05,-6.5547e+05,9.3337e+05,6.3548e+05,-1.855e+05,-3.8312e+05,-3.2993e+05,-3.1327e+05,-7.508e+05,7.7381e+05
8.3147e+05,2.3361e+05,-3.0351e+05,-43790,7.5265e+05,7.7392e+05,2.7945e+05,-4.6891e+05,5.8548e+05,1.5349e+05
0,-7.1818e+05,-8.2836e+05,9.6117e+05,-6.3175e+05,-7.3725e+05,-8.5333e+05,8.2583e+05,-2.0826e+05,-6.0305e+05
5.5557e+05,-3.7346e+05,4.9068e+05,2.7246e+05,-5.1381e+05,-4.3258e+05,-4.4016e+05,-1.7355e+05,-7.205e+05,7.828e+05
7.0711e+05,1.5933e+05,2.7028e+05,1.0019e+05,6.948e+05,5.1897e+05,-1.9268e+05,-6.4336e+05,-6.6144e+05,-62131
0,-9.1386e+05,-8.7101e+05,9.8842e+05,5.0324e+05,-8.719e+05,-9.3934e+05,7.4563e+05,-4.7104e+05,-9.8181e+05
7.0711e+05,3.2086e+05,2.2468e+05,-1.1393e+05,3.4834e+05,-4.5638e+05,-2.8374e+05,-3.4719e+05,-7.2627e+05,1.7942e+05
5.5557e+05,2.1511e+05,4.3687e+05,62809,8.1834e+05,1.7749e+05,6.9064e+05,-6.5349e+05,-5.0065e+05,1.954e+05
0,9.2238e+05,-6.7665e+05,6.8471e+05,4.5715e+05,-8.7327e+05,-4.6513e+05,6.7261e+05,-6.315e+05,-9.7392e+05
8.3147e+05,6.7174e+05,3.8756e+05,7.2611e+05,-1.5016e+05,-4.481e+05,5.5379e+05,2.3209e+05,-7.738e+05,-1.1533e+05
3.8268e+05,2.5222e+05,6.2605e+05,2.7393e+05,8.361e+05,-1.9132e+05,4.517e+05,-6.8415e+05,-49423,
0,6.9653e+05,-2.514e+05,8.3414e+05,5.2763e+05,-1.4378e+05,-6.0569e+05,6.9143e+05,-5.4358e+05,
9.2388e+05,9.0442e+05,2.6267e+05,-4.7872e+05,3.6895e+05,-4.0305e+05,6.5506e+05,2.3284e+05,-7.9465e+05,
1.9509e+05,2.4952e+05,9.3156e+05,6.4794e+05,-4.4284e+05,-9.0381e+05,6.5871e+05,-4.8862e+05,2.7028e+05,
0,3.4606e+05,-64139,7.0688e+05,-8.1717e+05,8.4001e+05,-2.2172e+05,8.4085e+05,-87751,
9.8079e+05,9.7863e+05,1.6095e+05,-2.8373e+05,4.3664e+05,-4.9847e+05,7.1898e+05,33172,-7.0019e+05,
1.9509e+05,2.0084e+05,9.8488e+05,5.4374e+05,-5.8399e+05,2.1428e+05,4.4791e+05,-6.5766e+05,7.0854e+05,


